X	Y
0022.3541402677	-316.2487848572
0006.1878228193	-327.2292311940
0017.3985581997	-158.6219357089
0017.8057801485	-163.5862996528
0008.3734142816	-243.8165215752
0008.5429845160	-258.3205387866
0019.6534958054	-243.9249315500
0026.2513127126	-358.3207664774
0009.3249743908	-306.1761950778
0020.7396968470	-426.1208506684
0005.7515441539	-227.1026780695
0023.3084601087	-291.9248862063
0018.1081608394	-178.2498340804
-002.7410938510	-046.3210031392
0016.0545267577	-078.3159915735
0019.3517350706	-207.8066338084
0011.0667437775	-026.0920026940
-002.8408208084	-046.3384220915
0011.1095464912	-026.0615505810
0014.3474694879	-112.1147644746
0006.8558370379	-188.2187113268
0011.6848305676	-033.0063706588
0020.1162202725	-221.1188303369
0008.6751664532	-000.9820766288
0011.2604879699	-038.3950213625
0024.5400130405	-344.2505076471
0016.6762616728	-116.2250945449
0004.9285131453	-153.5964953385
0000.1260271619	-035.3658885414
0015.8030505393	-137.2399135073
0014.4464915104	-389.4167861730
0009.6377730391	-267.0110712441
0010.7986240895	-021.3958230982
0009.7317970164	-313.0417587361
0004.7133321551	-129.8811085310
0012.5379558860	-044.9299204972
0014.0874693111	-053.2081035183
0012.5582363027	-063.3004288696
0022.3231959912	-316.2180641555
0023.5143972395	-191.3822686694
0013.9798991753	-053.1702864348
0024.3424884468	-299.7117941203
0015.4389782098	-127.2869114870
0023.3417535924	-338.4838643826
0023.3593610201	-291.9249030507
0007.8054377649	0003.6740638386
0025.1656904717	-349.0964374770
0004.7176205168	-346.2855394549
0019.3799596097	-207.9440393032
0004.4485124133	-129.7505391249
0006.1956363692	-327.1988341661
0028.6408717398	-416.0660943685
0003.2536268646	-283.8379787113
0027.5544821036	-390.2615267455
0008.2353318296	-284.6100011540
0020.6518422840	-238.4025927820
0017.5908011910	-148.4968456378
0023.5347461064	-191.3626318901
0017.6751563502	-148.3855889425
0011.3927000018	-038.2784781323
0010.8829672259	-334.1661673153
-002.7242112603	-046.3334323510
0010.6823226711	-342.7428048121
0017.5556802955	-148.4454758543
0008.2687879889	-000.4796653689
-001.7805533455	-021.3228901304
0019.9104184116	-254.3169677660
0008.6449252299	-277.3165220251
0013.9633025119	-053.1660993855
0013.7059497198	-073.8941685878
-004.9090586695	-089.8143432299
0011.4289407711	-038.2265258128
0009.1010337791	-371.9799472307
0007.2498402802	-263.0351315558
0012.4587725277	-384.6095755862
0014.9310344663	-103.0603607887
0012.3620576118	-362.3342987978
0021.6772629539	-104.2873298156
0005.2898407476	-218.6948615722
0006.7567707525	-158.6346780075
0016.0075997026	-078.3074614774
0010.2241191712	-014.6779524867
0005.9894973153	-136.2787838095
0011.2919164121	-038.3607741645
0013.7654355877	-073.9322214962
0013.9574923521	-053.1875292344
0026.3774528982	-360.5872636784
0021.6493852939	-104.3502042068
0007.2667200961	-263.0493590128
0010.6076428937	-342.7219500091
0022.3706833627	-316.2814951406
0009.8996315751	-324.0181704223
0031.8128977662	-424.8303319513
0004.9807281542	-153.7478658983
0014.5245228769	-087.2050842457
0005.7127252416	-226.9824159868
0025.1303209260	-349.0692133993
0000.8144027845	-093.0050510702
0005.0539606680	-141.0222038184
0023.4564889239	-190.9654436005
0026.3442851780	-365.2884132119
0021.0449465453	-285.2905025341
0026.1191284035	-358.4245197942
0001.1429783944	-058.2170249506
0020.0994411951	-214.7661530600
0024.3335125136	-299.3256166717
0019.7940229045	-207.4725181756
0003.6652375937	-193.6699484918
0024.1692800508	-320.5141545900
0003.3247007948	-283.6855446105
0000.0545235529	-112.0499648607
0009.6758560837	-267.0542187601
0024.7237482665	-308.2803021730
0023.6750800051	-181.1674790342
0026.2710244682	-360.6305663968
0020.0036829337	-254.3420845501
0010.2033387942	-319.0896617833
0023.5778736935	-191.4324569810
0010.6870815592	-334.0844471658
0003.2758684206	-283.7233881818
0002.6972772202	-121.9693574434
0007.9970835383	-333.5958008656
0015.4272822954	-098.1253070066
0008.6017807562	-277.3569704129
0020.2494616463	-263.3021124573
-001.7110205158	-158.6063564398
0016.9770817873	-418.9378540723
0024.7842879612	-277.2351284246
0025.2069892728	-369.0626807850
0007.6775668665	-179.8370855025
0006.4831796370	-205.0255191608
0020.0546696654	-254.2795991237
-000.3898559768	-029.6169054117
0015.1366405808	-409.3944840475
0020.3089731015	-226.7959831173
0024.1627766547	-320.6645337837
0013.7556378314	-073.9660818451
0003.0209530936	-098.3741986478
0008.4373336299	-292.7735967319
0023.3519460976	-338.5127071442
0011.3867162727	-349.7852615793
0007.9599242742	-231.3536857401
0013.9749222869	-053.1509573750
0023.3981337571	-338.5638632936
0018.5378557757	-173.0397152124
0002.7001172666	-122.0513493269
0003.0512411027	-099.2911961973
0006.4485256120	-204.9932853685
0023.3231801162	-269.1171213416
0022.1409051300	-289.3061180340
0024.7995304575	-277.2789639112
0024.5833349033	-344.2440233973
0004.4935708922	-339.1212030580
0019.1254501301	-084.9763663282
0014.3534561162	-389.2877509518
0006.8616879461	-187.6271468107
0006.9723164723	-210.2192293701
0007.8619642703	-166.7324457833
0012.0816030292	-068.9041505173
0020.6126406291	-238.4457950249
0018.0867949301	-177.6568638131
0027.4703703069	-412.0743975088
0025.1634633629	-369.0681940861
0007.7882319651	-190.9232181382
0010.2680888874	-272.9534785802
0026.3329181269	-262.2148291363
0014.0246268432	-053.1151386044
0004.1493186589	-104.3095379488
0022.3560711048	-316.1519726427
0007.7659087953	-167.4541035113
-003.8730870101	-048.0631335239
0014.9763224219	-394.1193529312
0012.2530781839	-362.3637490754
0020.1758044670	-226.9296690333
0011.3536355352	-349.8144699410
0002.5404260737	-121.7759759580
0026.2816792164	-360.6550042880
0027.4462558267	-412.0970529533
0007.6383145841	-179.8423429484
0020.8470589178	-247.0297120214
0012.4201348547	-384.6761806781
0004.5344191184	-338.9100394743
0003.3218124872	-283.7056837437
0004.6522536829	-134.4732359163
0004.5983532559	-112.1288650676
0014.0421537708	-053.1650863543
0014.2601104097	-389.4403492672
0024.1388142005	-320.5391137132
0005.8999012513	-172.8889521206
0010.4847099762	-010.4438929135
0013.4004853452	-058.2375246107
0017.5956919325	-206.0098286072
0017.2313489917	-430.2099190417
0004.4741381343	-339.2752722601
0024.3988656499	-299.2444032321
0019.4255033113	-233.0044502650
0003.1161153611	-099.1527073940
-003.5019509024	-050.9958745086
0002.6598038274	-122.1230647561
0011.0511565486	-026.1129964443
0019.1062641994	-184.9252301310
0019.0864114948	-084.8783491568
0019.8650303314	-214.7287472295
0007.9598505770	-167.3558962785
0022.3600231150	-316.1715141771
0024.7350584221	-308.2461910256
0016.0118031808	-121.3439268769
0002.9248254121	-098.3682325270
0005.6473592703	-227.0640254066
0026.3835508555	-365.2666793923
0011.6392552495	-041.6443785307
0025.0870246091	-369.0981269787
0016.0960820986	-120.9915610386
0025.0739461275	-369.0732240205
0023.6703535965	-180.7571929839
0023.1449903253	-268.9119275609
0017.4250244271	-140.8110435631
0001.2138936554	-058.2531295739
0004.5579208736	-112.5443789896
0019.4103749927	-232.9036059917
0022.3898393872	-316.2111807415
0009.8349513803	-324.0129239915
0005.0064632225	-153.6502196153
0023.1936506680	-291.4836719590
0019.9246548414	-254.2533789132
0008.8767836616	-248.5619159764
0017.3048202341	-159.0846357498
0007.9717261313	-190.2778981513
0026.4957837679	-403.9742983456
-003.5647063494	-053.4213972334
0009.7149666766	-313.4462544828
0014.0036577116	-053.1506431682
0008.4407237636	-258.4728408965
0004.4355709321	-343.2206964523
0022.6686288086	-165.8707481970
0017.3782769623	-140.8179373934
0008.6189221529	-258.3572683706
0011.3868929064	-349.7674076509
0009.3154711888	-306.2890589854
0001.4386493809	-055.2781581458
0017.4717209643	-159.1891556455
0007.8111429290	-231.2734194644
-003.9864665796	-047.9511383739
0004.4654045048	-134.3074621231
0019.3714628988	-232.9426126161
0015.0148799698	-394.3270585148
0024.7726168250	-335.9889634602
0024.9332721696	-307.8545013720
0002.5725435632	-122.1872554766
0007.2169184462	-263.0645346752
0020.4359210925	-263.1641097310
0017.4461568619	-140.8100035467
0020.7972046162	-426.1241813780
0007.7511330560	-190.9296235359
-002.1926292311	-016.5412566641
0017.3169792981	-140.7069038711
0015.5192934545	-132.3592046740
0007.7782099855	-179.3582804191
0006.7907169006	-158.1702662955
0001.4933941760	-055.1779978677
0026.1502036777	-358.5046294543
0012.6129063987	-045.0189660134
0018.5963532119	-172.9199428057
0017.9479966588	-177.7588539319
0000.8605848049	-092.7938009167
0019.5618027472	-243.7977704641
0024.8094918645	-277.3061270204
0007.7888788225	-179.8247126626
0004.5055302410	-129.8041472863
0013.4702860403	-058.2585841030
0007.7967576488	-190.1952416156
0004.5965222981	-129.6733185275
0024.8923784471	-277.4060382965
0026.0665327935	-356.0710041994
0012.2923769445	-362.3242818336
0009.9019326654	-323.9986788660
0013.5007673161	-355.2697389525
0010.7336888368	-334.1632248905
0008.2572835149	-236.0556065596
0012.7222845104	-063.2400091345
0011.7768244290	-041.5861749005
0011.8055991395	-041.5124165790
-003.5157614991	-050.9754304144
0007.5955259717	-179.8916005034
0014.0344542578	-404.8552097400
0013.4984443389	-355.2229826446
0000.8352530430	-092.5601526417
-003.9546201381	-047.9997808652
0014.0220445513	-053.1299625209
0006.0085566126	-173.5260623962
0027.4096803768	-412.1642345715
0005.6719864916	-227.0250213872
0011.2684776492	-349.8215218304
0003.8953100979	-332.9051710903
0023.1836245210	-286.9727310766
0014.8704145279	-395.0291090871
-000.5431401963	-029.4227430477
0023.0398813836	-286.6980551107
0004.8620334842	-140.9711550937
0025.8798833827	-403.3211598276
-004.9582373314	-089.8509665149
0015.3667347091	-399.9170841549
0017.7306206604	-148.4361260722
-005.9289916840	-079.1910602148
0019.2185516229	-184.5986646317
0016.6984590410	-116.4240042648
0025.2506632972	-348.9844188469
0015.3878168826	-098.1206386325
0017.7377341348	-148.5445737707
0015.3379316735	-098.1702767484
0024.7908821942	-277.2607833468
0010.4980658141	-342.5944281704
0022.3434857160	-289.7858678435
0008.0054311299	-231.2004288506
0025.1915287557	-349.0672698533
0011.3788602620	-349.8208830328
0025.2081183444	-368.9682626254
0012.3271766877	-384.5899446950
0015.4120825697	-127.6607813166
0005.8862323141	-136.1663408482
0023.2084477824	-268.9761539407
0023.4455030108	-191.0131649973
0020.2537365431	-263.3569327768
-002.8078519604	-046.3966433868
0012.1933752734	-362.4542313510
0019.3772504874	-188.8316002965
0010.6863786481	-342.7645299126
0019.3272249769	-188.2429111930
0000.8688157182	-092.6961130546
0010.5050973809	-342.8158713282
0005.7357475409	-227.0019264443
0019.2007426725	-233.0195795637
0024.1399654391	-320.5764965817
-004.9737937545	-089.8846730742
0024.1918265908	-320.4898920555
-000.1293969077	-035.2667314453
0005.0105359437	-153.6928223389
0020.2999416507	-226.8443835446
0023.2369429179	-291.4377429004
0014.8776192395	-103.0990261743
0015.3065484174	-132.4066482959
0001.6598283324	-055.2677878868
0009.8402106557	-323.9176250985
0004.4607280359	-129.6829080611
0024.8667010653	-307.9075448726
0018.5617122846	-173.2239320564
0016.7222636743	-116.4608487123
0012.5804137582	-044.9127328567
0000.0777230176	-112.1550709505
0019.4949670288	-208.0283528133
0024.3646551161	-299.2759782135
0005.2874466985	-218.8077139215
0007.0951973960	-210.2717511812
0010.5440021169	-342.6721701022
0025.2424313435	-369.0999543722
0013.5145146195	-058.1551753283
0011.6506060519	-041.6430855525
0017.9405484555	-164.0510124233
0004.8842790823	-153.9495663322
0026.6684462143	-388.9407644678
-003.7665328278	-048.4042353046
0013.4442876213	-058.1957491029
0025.2911886374	-369.2385799788
0024.8422428956	-277.3538016405
0004.4565855150	-343.1952658488
0009.7340770593	-313.0642679887
0019.5378439173	-207.9832165770
0009.0993562059	-371.6942506570
-000.0880663358	-035.6072851201
0023.1327017560	-286.8988048156
0016.1701340905	-120.9311018782
0020.8479666564	-246.9851777779
0017.4692959409	-206.0721337503
0006.4200384480	-205.3961691935
0005.3326671942	-218.8496078724
-000.0901101475	-035.5631779569
0004.9921107287	-140.9101142525
0005.7963406662	-227.1076498785
0017.2317916383	-158.5739160473
0023.2513534789	-268.7426733680
-003.5758397760	-051.0152299135
0015.2196786796	-409.5186367874
0026.2528833422	-358.5531726952
0010.1610513231	-319.0642628560
0009.1976182750	-371.8528703792
0016.0277307898	-078.2617763708
0004.6118582060	-129.9866127505
0015.3343998844	-127.3229665393
0007.1250674315	-210.3409727268
0022.7892483429	-315.9924561521
0020.0737694856	-254.3300021085
-001.3961708910	-124.7589492947
0007.7370798701	-179.8579111326
0010.8153802922	-021.3476613847
0026.9917943572	-265.6394259147
0008.8789452650	-248.6223759726
0000.1293945849	-112.6734202322
0015.5034636999	-127.4147093210
0010.5201501836	-010.4084682305
0017.6225796041	-205.4599480859
0010.8468652035	-021.3333967954
-005.8651169227	-078.8961506437
-001.1476001345	-125.0337370363
0024.7002845940	-328.4475474897
0020.0017835133	-221.2806761591
0021.0067957613	-247.0114743243
0011.6983357252	-033.0561682263
0002.6531032511	-121.8326915719
0020.2472025394	-226.9175258399
0027.5503187835	-390.3459400843
-002.2886180664	-016.4292322247
0007.8305448962	-166.7100076408
0001.4106663488	-066.4388646812
0004.5329948707	-338.9827984446
0009.7695296720	-313.3167202475
0017.2972197797	-158.5437887712
-002.7887920287	-046.3547806299
0010.8610990403	-334.2105687501
0026.5661132094	-389.0207705812
0011.1698193088	-025.9895559624
0007.2386838943	-263.0564040572
0008.4698668499	-258.3518736882
0017.4083912321	-159.1365603251
0013.3514902682	-355.2040569806
0019.0135689464	-084.8304642858
0017.9536173968	-164.0955727901
0008.5106040137	-243.7584105803
0022.1420813756	-289.3547871980
0019.2561693757	-188.6260575807
0007.8571786249	-179.4732056387
-003.5725562767	-053.4457813536
0011.8396060275	-068.7705351866
0017.9975451698	-164.0862833374
-001.1662242116	-125.1726847923
0024.7267482308	-308.3283978308
-001.7629847262	-021.3523180956
0026.3003537679	-360.6689867000
0005.8614985987	-136.1649860813
0004.3375262256	-112.6123074105
0019.1327395688	-185.0099093590
-003.5239931569	-051.0047305876
0021.2155380019	-285.3536348804
0008.2306649491	-236.0998684679
0025.3048293237	-348.8615197177
0025.2518161876	-369.1457035536
0011.0225792220	-300.1337149910
0025.1473339443	-369.0036091150
0011.1977369461	-349.9505666277
0011.2877964755	-038.3896314874
0007.9444315520	-333.6497720659
-001.7844056159	-021.0706780936
0009.6345605734	-313.4260697957
0013.3752628807	-058.2082505654
0015.7557697400	-137.2671270612
0008.5801618005	-406.0119157245
0022.7075163857	-166.0454355724
0012.5311655776	-384.5857301439
0008.4076755682	-292.8001946184
0002.5946009526	-122.1875671282
0006.5227026515	-205.4141436653
0009.7722082288	-323.9065598046
0007.8630933134	-190.8866583219
0007.1364187813	-263.1219199489
0010.4598225835	-272.7992111839
0001.4240517135	-055.1825852435
0023.4075095596	-291.9973337275
0013.8557376847	-370.1811240082
0019.5573934480	-243.8514533045
0023.4636260068	-191.1369424358
0009.2800327545	-306.3169433933
0006.1508823661	-327.2609353695
0024.6016343779	-344.2083167709
0010.6451357229	-334.0220559322
0019.5590474205	-207.9634326562
0001.3458462408	-058.1141826862
-000.8051346954	-023.6529204525
0006.1444711047	-327.2353788147
0026.3123586343	-262.2342992376
0007.8513195698	-231.2874522441
-000.0264923144	-035.4000777969
0013.5524978177	-058.0028754261
0009.2917556075	-306.1362408134
0008.2387808942	-284.5823177041
0026.6560560611	-367.6177596337
0005.4815854404	-218.7714847433
0016.0916481000	-078.3423224051
0026.2372624570	-206.9341164054
0015.3920096199	-399.9109615972
0002.9664298016	-098.3336608473
-004.9824145228	-089.8558642458
0024.7243321373	-308.3912945543
0020.0316334048	-221.2260938383
-000.8239784748	-023.8265703448
0009.1878045770	-306.0583084000
0003.0985842760	-098.4200726115
0006.1891918228	-327.1785588000
0021.7183609639	-104.6974588291
0002.5284000807	-122.1297445952
-001.0133836975	-023.5409042446
0005.4653249168	-218.7432126237
0019.6241119404	-067.7450380674
0004.9697643162	-140.9251603487
0007.0326146615	-158.3414892490
0023.2639530513	-291.8822244643
0016.2488456515	-120.8415535912
-005.9003834523	-079.0381355754
0004.4448885597	-343.2908541405
0007.9869270621	-333.5705692281
0012.3576023738	-362.3694369247
0010.0580419190	-318.8275421528
0015.3322987977	-399.9859217372
0020.5418180777	-238.3417121121
0013.6768606566	-073.9314173700
0011.7229707661	-041.6656507822
0004.7745733455	-346.1487714818
-000.9293436177	-023.8122194991
0006.9457785918	-210.1974607838
0003.7346816531	-193.1448414571
0007.0782840576	-210.5448886718
0013.2894875295	-355.1800718098
0026.0312576590	-356.0403229627
0001.6821957844	-066.6556426128
0026.4590215291	-365.4134774940
0009.1482107092	-306.0234021221
0009.7255627395	-323.8942172122
0010.3346741380	-319.1943167327
0009.6105411077	-313.4010330646
0011.0870469561	-300.6521829589
-003.5669413209	-053.3791251596
0014.8811988394	-103.0621852597
0004.1591786061	-104.2729533034
0005.4345340893	-218.7194895659
0006.1128736573	-136.2229432372
0008.0468025211	-284.7712674703
0008.0052473847	-190.3467930320
0015.3391397998	-098.9782286088
0026.9490469395	-265.6843630117
0019.3904607340	-243.8948252626
0000.7553592417	-092.5051069752
0008.4898344324	-277.2765371216
0017.9019197415	-164.0766467195
0012.3893363964	-384.6057531799
0004.4262484607	-129.6416549582
0021.0086670199	-247.0451328082
0015.4751660932	-127.3028173628
0023.1273204959	-268.8639439036
0000.1598374314	-112.6721814621
0003.9481263100	-103.2232644036
0004.2159814898	-111.6522853839
-003.7055568115	-053.5614458886
-000.9061123920	-023.7668823589
0014.4028815977	-111.4555408760
0007.5481086756	-179.2196297367
0026.5564564019	-388.9126179587
0006.9264337130	-210.1848258968
0022.1850168807	-289.6001295747
0026.9662352540	-265.7319320404
0021.2190867714	-285.5178704586
0005.1040869226	-140.8034682135
0019.8823892313	-214.7538006771
0020.1898067125	-263.3262635384
0001.6307376973	-066.6887089114
0015.2951398430	-127.3674856213
0013.6858098031	-073.9714371416
0022.2258936207	-289.3640483356
0017.5884622602	-206.0889502577
0008.5466149483	-258.4339614094
0026.3185298842	-262.1817829747
0007.8223131331	-190.9127906667
0019.8597172281	-214.6987178390
0015.0588404465	-104.1888399707
0007.0109448108	-210.5140272007
0015.3464676480	-132.3335197876
0022.4969292376	-316.2851343750
0005.9137753926	-136.1230284973
0020.2933544366	-226.8835737134
0001.3883670391	-055.3214292056
0010.7137931661	-334.1188953341
0001.6719798862	-066.5396485431
0027.6101175510	-399.0977977193
0004.6566021050	-129.7178175803
0011.3050192636	-349.7804098557
0023.4224916886	-338.4538392125
0024.2037025954	-320.5426474515
0019.9219014449	-214.7855893338
0025.1598771929	-349.0770441575
0005.9465925583	-136.1240532455
0002.9322772679	-098.3159633789
0002.6876833965	-121.9306438472
0022.4032645786	-289.4863731035
0006.9527794190	0004.7595412727
0007.7968744258	-231.1925835451
0026.0735068647	-403.4544640996
0012.0107737510	-068.8343037756
0015.3127548899	-132.5974182450
0014.7151400045	-087.3191641540
0012.3186811882	-384.8290399173
0011.0603002640	-300.7269823332
0010.4028961324	-272.7739432842
0002.9405869673	-099.4344523596
0020.1360133262	-226.8721676040
0019.1105055072	-084.9311332802
0026.4060040256	-365.3477890103
0026.5977164078	-388.8923471065
0012.5370855192	-044.9578931114
0009.0944204711	-248.6591962571
0022.3908047290	-316.3048138673
0004.6036279607	-112.1536605294
0001.4092729224	-055.2353697975
0026.6009110942	-367.6492973208
0004.8162864523	-153.7554952365
0016.0859265034	-078.3926138860
-000.2320629984	-202.9731801060
0019.6419919732	-067.6281592163
0028.0127963914	-411.4506982450
-001.0493040180	-023.9296010771
0018.9884805131	-084.8767116342
0010.5860199049	-342.7444232592
-002.6563789858	-006.8641625576
0002.8648609494	-099.5116534002
0014.6685377342	-087.2432225834
0008.4172137061	-236.1229857427
0004.6584951832	-129.9706995316
0007.9349014429	-190.2379723255
0012.1558759236	-420.3456551670
0017.6166864356	-148.4796870193
0024.5759920006	-328.5590678227
0026.7288617604	-389.2736477532
0015.6046856840	-411.2038700605
0019.4625151255	-243.9612976419
0000.0871160988	-112.1183548344
0023.8998997733	-181.4333117981
0019.8788542911	-214.6554385377
0016.5210849805	-410.1614656648
0012.1926248349	-362.3078106392
0021.1705925345	-285.4478729429
-003.5602834071	-050.9415770167
0017.5811239017	-205.5464885499
0023.1697314864	-286.9558001347
0015.3799111923	-132.4906037417
0008.0569109295	-167.1433733699
0024.3701428046	-299.7397740132
0031.6834636246	-424.9557770835
0019.2955863530	-188.2936815273
0017.5782219134	-148.3691870501
0008.4136554277	-243.7604879103
0018.0950653132	-177.6769097324
0017.3679600286	-158.5977620191
0010.5670258842	-010.2330937480
0010.4250171181	-342.5602854997
0007.8321414787	-167.4168880683
0009.8098258550	-267.1635784869
0019.9079513879	-221.1096170083
0023.4856375231	-191.2540468673
0020.1596838120	-226.8185976934
0022.8523002042	-165.5744645992
0004.4388430523	-134.3033454831
0026.1917515036	-358.4181504371
0006.8094772691	-187.6482135068
0024.1775540406	-320.4575937864
0014.8356557432	-087.8280072939
0008.0110877801	-284.8508184668
0004.5978909561	-134.3270571247
0010.6633186700	-334.1592654733
0013.8365191870	-074.0400877264
0007.9153117904	-190.7963032885
0002.8738369536	-098.3166776655
0007.7150789441	-167.4761589095
0026.3480068392	-262.3108493744
0024.7391695760	-308.4069991894
0011.2564659220	-349.8986633246
0016.6749735526	-115.9327947075
0003.7451591086	-193.5410134149
0003.9251997840	-332.7568150234
0009.0375666493	-371.6114374178
-000.9673010754	-023.8723000788
0010.2963959156	-272.8461216570
0021.1976558724	-285.4764831864
0010.0909642586	-318.8466447360
-002.1308223685	-016.5568421315
0019.3832434667	-207.7718977139
0014.7543101556	-103.3600524920
0017.3604759999	-140.9671134043
0017.7682649609	-163.7881645244
0020.2399445044	-226.7872689675
0002.1022448482	-073.9792425735
0019.9573379999	-254.2452639014
0019.1622872486	-085.0077949589
0003.5815695743	-193.7022518636
0005.9649894092	-173.5223883946
0015.2452790142	-409.5682061289
0006.9729330086	-210.5348141481
0001.5087166715	-066.6430690982
0024.6992823367	-328.5584282793
0012.8321067486	-063.1375810110
0003.3362947932	-283.6611614093
0008.0880450935	-284.6552706318
0004.3120680904	-111.8423046826
0004.3445903313	-111.9064565073
0002.6649235679	-121.8679370642
0008.5168597955	-292.6170601702
0016.9444183793	-418.9074382729
0009.6434571585	-313.0621383278
0027.3298551344	-417.2131940204
0002.6834754228	0007.0155511966
0004.4034491745	-112.5907689895
0005.7067722551	-227.1003089327
0018.6205657180	-172.8890056899
0009.5347753436	-266.9118429889
0015.9635583561	-137.2145596986
0009.1616854316	-371.8854904773
0003.7567782677	-193.1800359527
0006.1018102929	-173.1319642492
0000.2335160139	-112.6462457102
0026.3589635013	-262.1106245720
0027.3635504871	-412.2188216570
0018.0597105466	-163.4711497038
0015.4077306077	-399.8997432503
0011.9004869906	-041.8834386503
0021.7249095513	-104.5522620282
0011.8538443940	-033.1800929884
0018.7450067477	-173.4624095009
0029.2643613051	-418.9508785413
0013.4383264565	-058.2257210240
0017.2196862244	-158.9094157049
-000.1212076082	-035.3277300212
0001.4585079470	-066.6883041530
-001.7510467907	-158.6373521172
0015.8204690202	-137.3249396087
0013.2786841228	-355.3550757539
0020.1580957118	-254.1161792468
0006.8960857705	-187.7177672232
0006.9464836477	-157.9741500808
0017.4703993696	-140.8207550071
0020.3350619671	-226.8092742748
0010.7769596636	-334.0264926738
0019.4437993616	-188.8665009850
0004.5066558174	-339.3344813153
0008.4193630115	-277.1722680325
0009.6802942374	-267.1104415893
0011.0249720098	-300.7428007570
-000.3454924747	-029.5007813913
0020.2159752481	-263.3119288100
0026.2804083552	-360.6154267075
-001.8316002014	-021.4311893917
0010.1976810871	-014.6998530512
0012.4251640975	-384.6326012121
0015.9749994188	-137.3095635959
0011.8859501781	-068.6737568221
-002.9653045380	-046.2275066242
0010.2592111742	-014.5341579117
0002.1177625142	-073.7023856511
0021.2084950627	-285.3141498752
0005.0000231490	-140.9661623661
0005.6825136917	-227.0901193596
0001.2276669097	-058.1413681111
0024.9334854927	-277.5002338348
0007.8984417153	-167.4105262435
0013.2732398379	-355.1537978728
0005.4647747811	-218.7194604333
0013.5286642677	-058.3074630217
0014.3197258735	-111.7309737576
0019.8892860163	-221.2554713374
0006.8858530558	-188.1609087492
0023.4824288660	-190.9347446983
0007.0910398701	-263.1928705088
0012.1203526347	-362.5798511206
0011.2055969552	-349.8744614523
0027.6430454885	-398.2311004711
0020.1504310746	-254.4639506929
0018.1585652664	-178.2028740335
0012.7931441608	-063.4797844513
0008.5623975869	-277.3688497118
0002.0486643623	-002.6753369987
0026.9599333581	-265.3493062801
0013.2135939531	-093.4118454854
0017.3208312673	-205.8930338563
0009.1796867606	-371.8183374959
0006.0244566676	-136.1077323378
-000.5730999257	-029.3799512685
0026.5288589827	-403.3765984723
0023.5613676151	-191.4001047711
0006.8993038264	-157.9896185501
0023.1892259688	-291.6131646763
0005.9291580578	-327.1540227897
0008.6204235884	-000.8279932607
0020.1396913442	-254.4165267909
0016.8488965268	-116.4448037812
0026.4064806008	-261.9502247593
0010.2745656767	-014.5883332647
0008.9552313858	-248.6648161252
0008.8735871561	-248.7052094715
0001.2330527968	-058.2747610209
-002.0646546790	-016.5408423403
0015.4987599494	-132.3345414539
-000.1222161703	-035.6679494612
0000.2524977773	-112.3864595828
0022.6478658065	-165.9879128350
0009.9459813031	-418.2109998578
0004.6240857865	-134.5040790158
0008.3387155209	-292.3771082010
-002.8554689637	-046.4515930745
0026.8377285165	-389.1425405421
0013.8707392338	-074.1362602928
0017.3220050572	-158.5746225870
0003.7579744391	-193.5083134170
0011.9348916676	-068.7817897260
0026.9481582697	-265.9100288909
0001.0701926000	-058.0407135849
0006.7938621548	-158.6041887561
0004.7575711469	-346.2183684776
0020.4376436049	-226.8437485319
0023.5056377474	-191.3037915022
0010.2063738573	-273.0441896007
0013.4394547317	-355.2957170184
0009.1788645284	-306.0226125535
-002.2453947979	-016.4570902159
0024.8804921827	-277.3714171330
0004.0915539585	-336.3756955215
0026.7079939190	-403.0838453854
0013.2353502517	-355.0961884470
0013.4571990260	-355.1697349486
0014.5988209659	-087.4637336650
0026.7494251826	-367.7505034805
0023.4458243357	-338.5199775332
0021.6691749103	-104.3939728039
0009.1404023074	-371.7386883295
0008.5895593859	-406.0773299843
0010.9543919537	-300.0643419239
0001.5451632299	-066.5574646559
0013.4799669286	-355.2696226791
0009.6613972703	-267.1650841542
0011.1676848676	-349.5480640288
0026.3612094378	-358.6873265716
0021.8877378817	-104.9172329687
0023.5971868426	-181.0988999484
0017.8230429581	-163.9928837891
-006.0140309149	-079.0671503499
0008.1392085751	-284.7065082799
0017.9826346672	-177.7246878717
0012.1362548656	-362.1419067936
0024.6629358085	-328.4899832808
0019.9757581335	-214.8051904347
0006.9979706528	-158.0097858844
0014.6712971121	-087.5115331284
0013.4821842873	-355.1819475286
0019.2847839296	-232.9040561834
0008.4839812111	-258.3884470131
0026.3505634117	-262.0669881626
0019.2876915343	-184.5749034885
0006.8986221673	-210.4562958564
0015.8587184498	-137.3288201559
0005.9387713347	-172.8739556619
0007.3953623501	-395.3388723548
0014.8359380944	-103.0720907983
0008.4360212988	-408.5703979595
0027.5633354666	-398.6129211230
0012.7504790330	-063.3905076738
0027.5669515695	-398.5535963679
0028.9932988206	-428.0393531207
0000.1184988956	-035.4790779377
0001.4920484047	-066.6111215948
0008.3487883040	-235.9572922733
0004.8839820504	-141.0141036552
0026.7874995022	-367.8482439483
0020.0526906859	-214.7100556389
0019.4472847968	-243.7890991022
0027.5848440322	-398.2827718365
0021.1360370376	-285.2589354181
0022.7319171513	-165.6105922549
0013.7264429957	-370.0400554624
0006.9154946811	-210.4758538796
0011.2043976204	-026.1552337266
0019.2734690625	-188.6839674343
0020.0069013938	-214.7903248760
0010.8889807815	-021.2267274960
0024.6588130308	-344.2691081306
0027.6882815619	-398.2440220613
0015.4365773771	-127.6222774056
0006.3069334568	-204.8379916251
0009.7442706351	-313.3849207925
0004.8016407537	-153.7090536992
0007.9142996432	-231.1935522560
0015.7520468617	-137.3201579825
0021.1291991872	-285.3761195342
0000.7307949762	-092.5374421615
0008.1583958592	-236.0261368745
0004.6017495465	-134.3977924303
0019.8852469360	-221.1450607481
0020.2889883923	-263.3579664266
0009.6572072830	-323.9227166392
0008.6365020980	-277.2926841745
0010.2825143289	-273.0162206186
0001.3954750097	-066.7680260144
0022.6927364474	-165.8106052571
-005.9283108736	-079.0922492627
0016.2321137506	-121.3485431180
0005.8418526857	-136.1153773004
0029.0278804686	-418.6246707583
0009.0511530497	-306.4462976688
0019.3163687209	-184.5342728368
0014.2156291231	-053.3225193633
0010.5043261735	-272.9517942061
0008.1143164267	-235.9954062609
0020.5012188768	-263.5189730042
0009.0632912701	-372.0818531779
-003.6666928402	-053.4790064638
-005.9296788535	-079.1391002556
0014.9730955778	-104.1669286463
0022.2761787341	-289.3926594253
0026.2078668025	-358.5011730788
0015.2709901994	-098.2253835130
0009.0031723150	-248.6978696643
0023.3295878556	-268.7468743276
0013.7953331086	-370.4483431142
0001.2940505991	-058.2731316343
0004.0156434612	-336.2103035488
0006.4293707809	-204.9580261196
0016.9056691331	-116.4858041781
-002.3251062776	-011.3593870419
0019.3072772850	-185.2993077775
0010.5363728922	-342.7871693468
0007.9057188451	-333.4572613834
0008.9289953723	-306.4660425005
0013.9093541061	-074.0837183623
0023.1958841834	-268.8888032462
0005.9136354314	-173.5556794761
0000.0167907110	-035.5128462268
0017.9370433327	-177.8292823297
0029.0471013829	-428.2682888944
-003.4919558302	-050.8295885177
0004.7120675665	-134.2001323282
0013.9509252019	-370.3240227415
0024.7630379107	-344.0370610814
0017.3777984437	-159.1169827568
0004.0587811970	-104.3509697575
0008.8022794563	-248.4652457350
0004.5214138261	-339.0902772680
0016.9778340535	-417.6548170729
0016.0541968608	-120.9987537166
0024.9192552769	-277.4427692214
0019.4193743524	-207.9715042370
0013.3717106408	-355.3015698833
-002.1569886858	-016.4509052694
-001.1622412546	-124.9642305207
0011.9095948096	-032.7924851464
0002.7914229716	0006.9739542749
0021.0619297720	-246.7959352014
0010.8552056101	-334.0612295774
0008.4778924310	-243.9086048195
0002.9454979311	-099.4681544836
0022.7668076990	-166.0856620054
0017.3724651604	-430.2724962685
0007.1135487515	-262.9981585759
0006.0539721386	-136.1326820478
0011.4582933582	-038.2411693572
0006.3744628612	-205.3622347102
0013.2197037905	-355.3740367385
0014.1637448519	-052.9508748607
0026.4785503629	-262.3575205565
0024.5672822495	-299.9620574735
-003.6736773458	-053.4306486776
0014.9132888739	-394.0858271625
0002.1316069063	-073.8649956699
0013.1940685875	-355.0479499188
0019.9130855942	-221.2827779705
-001.9914893406	-021.4589277847
0009.7737276894	-313.1265563286
-001.8232009991	-021.1867893929
0016.9088889330	-115.8383590400
0013.2552912141	-092.5880620841
0019.6275527352	-207.9604151587
0012.9660460794	-092.8445792625
0019.3487002179	-232.9042138852
0001.2564516307	-058.1086705755
0017.2565904480	-430.1946267714
0016.1501214334	-078.4074129694
0025.3296217881	-369.1775112995
0006.8911367613	-158.5888667987
0026.2571950521	-358.6109434724
0025.2647463269	-368.8461731732
0007.9249279781	-231.3235548803
0014.4529053356	-111.2820994427
0011.2587428440	-025.8375036046
0011.0248772033	-300.5883677137
0019.3511946928	-233.0640927481
0008.9520840204	-248.5785310745
0024.8608485872	-335.9591088880
0019.9921259690	-254.2622183959
0004.0800426642	-103.3430114503
0016.8747545229	-418.8341889342
0019.5990541644	-243.8196206449
0014.6793836064	-087.3058270351
0000.6484902522	-093.4456689258
0004.1633639825	-103.5070648027
0024.8397604610	-336.0739070974
0025.3282113273	-368.8205516019
0002.9874245863	-099.4197377518
0023.1224503125	-268.9515434384
0015.0912020407	-409.1238713086
0004.0829595945	-134.4053883419
0016.7415259434	-418.7771139150
0023.2343510730	-268.8053056210
0019.2869494239	-233.0544313376
0028.3392007334	-432.8141680767
0003.6470925368	-193.1375973796
0010.9288048375	-021.1825634106
0027.3165752816	-417.0544114572
0026.6575195765	-389.1102769577
0026.7615758366	-367.8149876113
0018.5773689365	-425.9026441362
0010.1802825156	-319.0151482094
0012.7649407038	-063.1022393689
0017.5579570719	-140.6756747367
0004.5777051440	-346.3578744687
0008.4275701329	-405.2823543245
0012.1862039462	-362.4958828748
0030.2000338837	-431.4509675166
0013.5447726110	-058.0510917572
0027.7317200836	-398.3138547899
0010.2727167898	-003.5383631271
0002.4506495884	-122.1496332779
-000.5354359458	-029.4780056701
0021.8090484244	-104.8755898642
0019.2013285435	-184.6616992834
0012.0681707655	-068.8746314196
0014.7580056561	-087.7123445432
0009.0594529301	-248.7044996253
0007.0102111035	-210.2158612808
0015.4259881331	-400.9924280992
0002.0647440190	-073.9516697590
0010.6728478609	-333.9979218639
0019.6370824558	-243.7086715212
0015.0423528825	-409.1903731476
0029.1195651095	-418.7968047821
0013.5217482462	-058.2756300926
0003.1374276382	-283.9336578871
0019.2385434527	-188.3193196723
0018.4599414188	-426.0126346234
0020.7134931085	-238.2673840729
0015.5683503123	-132.3781673512
0014.1074047082	-053.0084220238
0014.2919574340	-111.8806158276
0024.6051962332	-328.5266690791
0008.3227952551	-292.4696259519
0006.8479226824	-210.1415324723
0022.5178608773	-316.2337920739
-000.1942634474	-035.2066299332
0007.9751654388	-333.5124560075
0007.6015944495	-179.8468829875
0026.6048075398	-403.3629112367
0009.6161932393	-266.9414941646
0008.3257934858	-258.2268204033
0012.0562906159	-420.1934948429
0024.4611408792	-299.1494675218
0018.8554487476	-173.4637352067
0023.5874299626	-190.8187179412
0011.5701583757	-038.6247291016
0016.1659491028	-121.3885431129
0000.7223317648	-092.6042600556
0024.7441700172	-344.4057926580
0017.2680038448	-158.5472585435
-000.4236042659	-029.5185534781
0000.6448470763	-092.6691696178
0012.7420645297	-063.1518710335
0011.3953165103	-038.4268242167
0006.8040147459	0005.1363025707
0013.4031574627	-406.7015194387
0030.1981467954	-414.0626153572
0019.5154921974	-188.1038965607
0027.0799421156	-265.3385269580
0015.5589911621	-400.2416113787
-000.5143539858	-029.5315473556
-001.8055833457	-158.6592671526
-005.0924339462	-089.9936652336
0023.6672212440	-191.4894143323
0027.9090619405	-411.4613532671
0014.7417367813	-087.3935736352
0020.4021559757	-263.2493279864
0013.5364345034	-058.0921999251
0026.5026630428	-360.4405935247
0008.2003030465	-236.0351360027
0026.2495159777	-356.3024872060
-002.5164234537	-011.1929661574
0009.9818914281	-418.2935936850
0024.9998897723	-277.1208359434
0026.3003863034	-358.6389037565
0026.4907159175	-365.4699291614
0008.3180828734	-243.7084154033
0019.4728768820	-188.1219857108
-003.6237909895	-053.3195468868
0016.1513623950	-121.3413925580
0008.8085109386	-248.7235065379
0008.2574765065	-243.6895014406
0012.1078306624	-068.5796954801
0006.8991404212	-188.2403364959
0028.6323381040	-417.9753282369
0028.6088166430	-416.2047538505
0008.4958397577	-277.4553630217
0013.4014281378	-355.1822833263
0015.5580576856	-099.1776332047
0014.1046624007	-402.2419436657
0024.3943002035	-320.5105507409
0016.3930032156	-410.2539781229
0017.5097646738	-158.6699077021
0009.3759147432	-323.7799753787
-000.6176200457	-029.3425809648
0017.8527402714	-148.6268024783
-001.0823164081	-023.4923368180
0020.7134248618	-238.3217292329
0026.3445398638	-261.9285313114
0029.4693914564	-430.1993101792
0010.0711715717	-418.3270633925
0026.7747991686	-389.3626795284
0014.8678465290	-417.6953027182
0008.6706989228	-000.9332714210
0000.0278198186	-112.0000273552
0009.1938056468	-306.3777169600
0025.2338752876	-349.0348883849
0010.4820481878	-009.5904353704
0023.2723438522	-286.8716813529
0027.5427092702	-398.9420357879
0029.0891826780	-427.7598603060
-001.2525750575	-125.1180686922
0012.6782779639	-044.7962243850
-002.7731728401	-010.2112484218
-001.7432177083	-158.8629043495
0026.5034287974	-367.4272926358
0019.4898412245	-188.9278873884
0015.6512220324	-098.0882582368
0016.6144381393	-435.1484282087
0004.1658813454	-336.3837962893
0009.9555448486	-406.2606209445
-002.6478296809	-010.2195899788
-000.5304934143	-029.7937147362
0027.1528313629	-367.6293246789
-003.6487540139	-050.8330588389
0003.9886942483	-134.4598806625
0021.7774976864	-104.7335395438
0026.4057100045	-398.4285030768
0010.8927767575	-300.6257873019
0014.8245383360	-405.5619255275
0008.8915483595	-371.5618527701
0018.6857429729	-425.5311113767
0016.1428616300	-078.5127627000
0016.6756129266	-418.4696479951
-003.7360982572	-050.8181014939
-002.0720274813	-021.4874321918
-002.5047579829	-016.3439777499
0010.2883973877	-014.4399546901
0019.1359809840	-425.7119076325
0028.4852020081	-425.3819728220
0029.8179736596	-413.6266030976
0017.6577980026	-435.5201879938
0023.8787187445	-190.6329679079
0028.8480768204	-418.3356249748
-003.4581102030	-015.6825824520
0030.8176782995	-431.0652525385
0016.7008312051	-435.2176214760
0024.6510136434	-335.4036817995
-003.5297461913	-053.1477603693
0002.5886328676	0007.1370326540
-001.5080437006	-125.2879872305
-001.7288551886	0002.9548464394
0016.6216266943	-417.8984132457
0018.7311567739	-430.7438656023
0002.7009059978	-003.0234416563
0008.4454948437	-408.0186296698
0026.2176379855	-403.6051267193
0013.6897173635	-406.2550843167
0007.2059894329	-395.3784663662
0010.3064098027	-419.0125018875
0016.0466739450	-410.5619228908
0030.4631636396	-426.0555347156
-002.8180357171	-010.4422728167
0008.5816198429	-421.5896539196
0010.3075070171	-005.3924500119
0016.2251943152	-418.4850753516
0010.0558880809	-010.8696590104
-001.4651652101	0003.2729623557
0028.7713676657	-432.4057420227
0003.9318517995	0006.4090168567
0017.7990763882	-427.0594273440
0017.9252801762	-430.6792245716
0019.5601652211	-436.3858901302
0015.6044061533	-418.2745732570
0021.5221708374	-445.1429410930
0016.7551398938	-429.0603773814
0020.8816183548	-436.8927588584
