0 0 0
0.0038532319 -0.015042014 0.055583112
0.0048447442 -0.013396356 0.037733607
-7.6252036e-06 -0.011693687 0.041974779
-0.002273428 -0.0098746 0.050304256
-0.00055928074 -0.010673294 0.046410657
0.00083587808 -0.0097870063 0.046392471
-0.00097495783 -0.0064848112 0.047796771
-0.0026148313 -0.0040363511 0.054690633
-0.0028174454 -0.0015648156 0.053924009
-0.002566433 0.0016581491 0.055406526
-0.005025194 0.0034186309 0.054529909
-0.0089711985 0.0053848932 0.057941493
-0.0136838 0.0079167727 0.055670839
-0.013890221 0.0090946062 0.054735996
-0.014409898 0.014094056 0.055341039
-0.014686143 0.015972674 0.051819295
-0.015295139 0.01967732 0.0537255
-0.015255934 0.022155965 0.054866761
-0.013526788 0.025229044 0.051109217
-0.012855966 0.030706853 0.042687576
-0.012386514 0.034162026 0.046685547
-0.012464258 0.038127411 0.051531158
-0.01359686 0.044185489 0.040241331
-0.013193405 0.046355247 0.038390737
-0.014658903 0.050790899 0.040500745
-0.014553849 0.053666707 0.034120221
-0.017428949 0.056693774 0.03687574
-0.01591981 0.061214134 0.035855465
-0.015580149 0.064400882 0.031969961
-0.016664041 0.068538778 0.037278995
-0.016693899 0.071691751 0.036034726
-0.017398877 0.074075878 0.038155772
-0.018750243 0.076307938 0.036493398
-0.017296949 0.080610208 0.030733287
-0.020423613 0.080909126 0.033701256
-0.019832676 0.083586596 0.026751392
-0.019321971 0.086294889 0.027122181
-0.020780262 0.08896666 0.030790083
-0.021326968 0.090815693 0.031306922
-0.019351076 0.094133884 0.027397469
-0.020732349 0.096346892 0.030023854
-0.020180568 0.10031712 0.029945221
-0.019567542 0.10523598 0.026921708
-0.01687701 0.10863048 0.02443466
-0.017879251 0.11056171 0.022954276
-0.017318588 0.11305188 0.025796756
-0.018409412 0.11519987 0.027280383
-0.019806437 0.11807635 0.030912772
-0.01904452 0.12081637 0.028956899
-0.019994365 0.12411895 0.032556865
-0.019783061 0.12682882 0.03356665
-0.019764539 0.12969029 0.035905171
-0.019530751 0.13345811 0.038653988
-0.019330958 0.13496345 0.038166545
-0.019735422 0.13625176 0.039554898
-0.019906914 0.13845901 0.034503773
-0.018125374 0.14184994 0.025710337
-0.016456338 0.14509781 0.01807557
-0.016207274 0.14862542 0.015392959
-0.017580282 0.15014593 0.019846683
-0.01595296 0.15208577 0.019227389
-0.018128879 0.15365326 0.022542767
-0.01908879 0.15485224 0.025956452
-0.017596519 0.15886822 0.024436742
-0.020516647 0.15942246 0.029416006
-0.019662362 0.16265658 0.026735969
-0.020223219 0.16605619 0.027924169
-0.01993769 0.16940805 0.02655815
-0.020115316 0.17126769 0.028645981
-0.018184111 0.17426929 0.02501763
-0.017660916 0.17692338 0.027886562
-0.016489169 0.18181889 0.034506004
-0.015079144 0.18626636 0.037093051
-0.01457087 0.18962832 0.037389368
-0.015526786 0.19452663 0.04103563
-0.015509531 0.19662236 0.034772281
-0.015475237 0.20004122 0.040176578
-0.01551209 0.20269534 0.036919866
-0.016254228 0.20900497 0.039249942
-0.016180061 0.2127564 0.042152561
-0.015184621 0.21680234 0.041852314
-0.015561596 0.22035713 0.029733457
-0.015921762 0.22258998 0.024509184
-0.016108919 0.22462742 0.023545034
-0.016658016 0.22732228 0.023606379
-0.017798521 0.22945115 0.02172526
-0.018415613 0.23290688 0.022939548
-0.019308623 0.23660763 0.029031418
-0.019298896 0.23952083 0.031991277
-0.019062266 0.24245636 0.032801472
-0.018606687 0.24496347 0.032921009
-0.018903866 0.24952801 0.029074036
-0.018981794 0.25495902 0.028131027
-0.0198441 0.25711742 0.030873746
-0.018966172 0.26084328 0.034592655
-0.019795924 0.26415807 0.031578019
-0.021632835 0.26700258 0.036643978
-0.022383645 0.27040988 0.03696182
-0.022892091 0.27349386 0.031567406
-0.024525303 0.27690881 0.035333376
-0.02562267 0.27830833 0.030937418
-0.025127906 0.28271344 0.029159442
-0.024118079 0.28637737 0.025632553
-0.025641706 0.28735498 0.026044697
-0.027481962 0.29150787 0.033109158
-0.028093806 0.29338455 0.034121819
-0.027208311 0.29792568 0.038088582
-0.027137348 0.30235827 0.037836105
-0.027049944 0.30731371 0.043085195
-0.027480112 0.31103715 0.039612144
-0.027502324 0.31520081 0.036299083
-0.027670924 0.31759068 0.036177911
-0.028371135 0.32037893 0.039355166
-0.029067129 0.32290483 0.038833894
-0.029408798 0.3267712 0.038382724
-0.029531483 0.32808453 0.035881817
-0.028999466 0.33147636 0.03712219
-0.02933329 0.33457071 0.036015093
-0.029516736 0.33716452 0.035088785
-0.029756363 0.34075853 0.033620287
-0.030455275 0.34233922 0.031802692
-0.031691961 0.34526238 0.030432437
-0.033876631 0.34834719 0.026785064
-0.034461517 0.35085255 0.033367898
-0.035030998 0.35403273 0.037427209
-0.034118917 0.35819826 0.037853681
-0.032915119 0.36243919 0.041552249
-0.034543127 0.36585385 0.045034837
-0.034307469 0.37007466 0.043198485
-0.035191167 0.37372476 0.040438384
-0.035848141 0.37634498 0.040221829
-0.037203223 0.37901717 0.040364396
-0.03544119 0.38251185 0.039228462
-0.033785935 0.38660029 0.03211819
-0.033351894 0.39016363 0.033494454
-0.033242382 0.39386404 0.028225888
-0.032477316 0.39778018 0.023205817
-0.032201156 0.40108845 0.022656165
-0.032326359 0.40547696 0.027005687
-0.031776343 0.41085619 0.028482582
-0.032153353 0.41538513 0.026115593
-0.032078996 0.41829762 0.027839327
-0.031648893 0.42257035 0.031138426
-0.031782787 0.42699674 0.030338431
-0.030935606 0.43006024 0.031035684
-0.030711554 0.43444324 0.028018003
-0.03043697 0.43797052 0.026802434
-0.030472776 0.44087312 0.030326318
-0.02938446 0.4436439 0.030668486
-0.029728577 0.44882172 0.031206306
-0.030059051 0.45249519 0.028863763
-0.030155845 0.45517623 0.031676918
-0.029311514 0.45877334 0.03619843
-0.029936988 0.46269625 0.029174527
-0.029953269 0.46721026 0.031990722
-0.029126709 0.47127989 0.033772528
-0.030211752 0.47331324 0.035058662
-0.031099435 0.47885641 0.034063071
-0.030947991 0.48151109 0.030041652
-0.030106101 0.48302913 0.031418718
-0.031720161 0.48459876 0.033613499
-0.031694464 0.48702297 0.035686996
-0.032087322 0.48834288 0.042843595
-0.033707015 0.48958945 0.046195183
-0.033690106 0.49129021 0.04704985
-0.033479232 0.49367121 0.0476983
-0.033483643 0.49612164 0.045095786
-0.032066338 0.50169921 0.039068375
-0.031874992 0.50388879 0.040649492
-0.031974651 0.50649077 0.04400159
-0.032021727 0.50898194 0.041398529
-0.032068841 0.51210356 0.039339922
-0.031809084 0.51566464 0.036905743
-0.032419968 0.51750338 0.036035601
-0.032713499 0.52049679 0.035786636
-0.034570802 0.52254659 0.033271432
-0.035291355 0.52439791 0.035551377
-0.036593314 0.52698767 0.033205226
-0.037111446 0.52897948 0.037457373
-0.036838256 0.53166795 0.039572109
-0.036538228 0.5340988 0.034636393
-0.036910798 0.53619993 0.03878038
-0.035764523 0.53978443 0.037150789
-0.036878243 0.53990793 0.045163665
-0.035741232 0.54301977 0.039156407
-0.037587579 0.5455907 0.042473808
-0.035609927 0.55064547 0.036601782
-0.036704466 0.5546667 0.038792789
-0.037410878 0.55943948 0.036330331
-0.038292445 0.56264383 0.036483772
-0.037162118 0.56667542 0.038731344
-0.036853235 0.57081693 0.039470013
-0.034765989 0.51226479 0.038991477
-0.030791547 0.31418356 0.0092260614
-0.028354283 0.015441491 0.018180255
-0.021923153 -0.254399 -0.01506675
-0.013806874 -0.52572644 -0.024632154
-0.012536446 -0.81194741 -0.033571269
-0.0086565688 -1.1192039 -0.045505278
-0.0035600057 -1.377371 -0.044952851
0.00089108991 -1.6911248 -0.061111063
0.0084267743 -1.9903433 -0.064709462
0.01692584 -2.2781866 -0.072860643
0.018273046 -2.5609348 -0.095515572
0.02481287 -2.8593771 -0.10445836
0.026564345 -3.1540382 -0.12949313
0.033208534 -3.436518 -0.14400092
0.039822664 -3.7286758 -0.14073329
0.043785151 -4.0277896 -0.13652359
0.044095449 -4.3259835 -0.15597713
0.04898838 -4.624249 -0.1625077
0.04971632 -4.9150786 -0.16334346
0.057375591 -5.1879921 -0.17795892
0.062948935 -5.5045424 -0.18358436
0.06653408 -5.7946506 -0.18245488
0.070252292 -6.1027656 -0.20013233
0.074983023 -6.4027343 -0.19727856
0.08034797 -6.6919351 -0.21482503
0.081395507 -6.9616613 -0.22500631
0.088121802 -7.287519 -0.22782916
0.095150836 -7.575027 -0.22194336
0.097655639 -7.8847008 -0.21229452
0.098889157 -8.1729488 -0.2254364
0.10485473 -8.4706888 -0.22948189
0.10655086 -8.7542887 -0.21796782
0.11264066 -9.078495 -0.22604829
0.12215388 -9.3501692 -0.23105973
0.12436427 -9.6755638 -0.23086089
0.13155802 -9.9671059 -0.23167184
0.13631906 -10.268963 -0.22953609
0.14044881 -10.595352 -0.23142689
0.14249265 -10.875951 -0.23048879
0.14721496 -11.132517 -0.23799199
0.15026739 -11.434077 -0.23660159
0.15168202 -11.714228 -0.23657951
0.15910986 -12.009194 -0.23713727
0.16372295 -12.29968 -0.22683804
0.17096448 -12.613232 -0.23014168
0.17256825 -12.888911 -0.22454202
0.17603247 -13.159547 -0.22423543
0.18324479 -13.4774 -0.21874817
0.18671842 -13.763895 -0.22131805
0.19178464 -14.098697 -0.22098015
0.19703008 -14.356118 -0.21935013
0.19929014 -14.654037 -0.21708922
0.2019669 -14.924165 -0.21591991
0.20836928 -15.236911 -0.21497346
0.2126763 -15.515388 -0.21572398
0.21463393 -15.818523 -0.21484254
0.21900621 -16.146454 -0.20788978
0.22702551 -16.422865 -0.20538062
0.23246528 -16.701006 -0.21328485
0.23739111 -17.020084 -0.21671861
0.24315588 -17.313133 -0.21463782
0.24563988 -17.615116 -0.2163841
0.25162801 -17.915644 -0.21426222
0.25497788 -18.217953 -0.21952978
0.25767872 -18.504112 -0.22057429
0.26255393 -18.80261 -0.23498183
0.26830512 -19.085114 -0.22945781
0.26990125 -19.410374 -0.2336677
0.27395338 -19.712044 -0.24095586
0.27619669 -20.007063 -0.25010735
0.28131247 -20.318573 -0.24754085
0.28363645 -20.608826 -0.25233319
0.290171 -20.927561 -0.24823281
0.29413208 -21.185242 -0.25018966
0.29974234 -21.52795 -0.25562537
0.30349001 -21.810574 -0.25528947
0.30929285 -22.120605 -0.2565766
0.31418195 -22.398619 -0.26672289
0.31994349 -22.705986 -0.26413798
0.3248741 -22.998295 -0.27273908
0.33104604 -23.283487 -0.27233896
0.33908433 -23.570898 -0.2822032
0.34476849 -23.880249 -0.28227299
0.34902054 -24.174753 -0.28683135
0.34979028 -24.458158 -0.28826749
0.35711151 -24.770658 -0.29203588
0.36342064 -25.061131 -0.29041532
0.36958486 -25.361372 -0.29370514
0.37507805 -25.657888 -0.29682276
0.37783968 -25.931435 -0.29702356
0.38409021 -26.225105 -0.29354912
0.38884774 -26.522383 -0.29056668
0.39423239 -26.857466 -0.30093837
0.3978906 -27.128675 -0.30202165
0.40566242 -27.470428 -0.30293185
0.41074559 -27.75738 -0.30928379
0.41913027 -28.048193 -0.3178089
0.42447326 -28.368973 -0.32029051
0.42862561 -28.649302 -0.32226893
0.4336943 -28.918114 -0.32944128
0.43853426 -29.220125 -0.33307496
0.44420764 -29.539852 -0.33424532
0.44876727 -29.844381 -0.34581938
0.45522326 -30.132317 -0.34466338
0.46086708 -30.449272 -0.35158429
0.46605793 -30.73555 -0.34880361
0.47523755 -31.038681 -0.33793032
0.47487354 -31.342211 -0.46533969
0.48243099 -31.638351 -0.45219821
0.48709786 -31.82737 -0.44720325
0.49328458 -32.077782 -0.45121491
0.49634853 -32.355778 -0.45573542
0.49952298 -32.682396 -0.45704877
0.50287318 -32.976498 -0.45965794
0.5065496 -33.312084 -0.46071413
0.51181436 -33.597893 -0.46369356
0.51526988 -33.926437 -0.46672642
0.51773077 -34.202042 -0.46898592
0.52152598 -34.50642 -0.47279301
0.5265317 -34.821247 -0.47578174
0.53351927 -35.130718 -0.47733104
0.53846407 -35.432877 -0.48115361
0.54248464 -35.750973 -0.48446813
0.54852158 -36.033047 -0.4876776
0.5535484 -36.349403 -0.49142721
0.56078422 -36.647507 -0.4930982
0.56473809 -36.927135 -0.49580476
0.57175899 -37.225941 -0.49865922
0.57955545 -37.55212 -0.50063962
0.58643073 -37.903111 -0.50517702
0.59125656 -38.186275 -0.50769567
0.59654582 -38.478958 -0.51190621
0.6031425 -38.787411 -0.51364231
0.60841632 -39.062237 -0.51595545
0.61680102 -39.39407 -0.51970893
0.62248313 -39.685192 -0.5242309
0.62563056 -39.96685 -0.52794874
0.63032699 -40.29715 -0.53172648
0.6363284 -40.602791 -0.5347749
0.64107293 -40.912155 -0.53895211
0.64664757 -41.197109 -0.54251009
0.65247732 -41.506748 -0.54589331
0.65692359 -41.790569 -0.54901427
0.66140085 -42.123989 -0.55316031
0.66583019 -42.419903 -0.55662805
0.67420036 -42.725407 -0.56072205
0.68056124 -43.003197 -0.56486011
0.68681198 -43.303864 -0.56937355
0.69424069 -43.6161 -0.5741818
0.69892812 -43.939243 -0.57833683
0.70412111 -44.212067 -0.58159971
0.71153319 -44.534691 -0.58720368
0.71584213 -44.804878 -0.59041804
0.72182477 -45.122112 -0.59559286
0.72790962 -45.395355 -0.59848869
0.73361224 -45.703308 -0.6025418
0.74303085 -46.005337 -0.60656613
0.74629265 -46.275944 -0.61058563
0.75629288 -46.599758 -0.61562061
0.76099628 -46.865181 -0.61973804
0.76633948 -47.183514 -0.62576675
0.76875389 -47.464951 -0.62897688
0.7784127 -47.771133 -0.63277286
0.78387743 -48.048428 -0.63626647
0.79030234 -48.343369 -0.6405037
0.79746187 -48.657673 -0.64520568
0.80634671 -48.96085 -0.64908367
0.81203425 -49.259434 -0.65281928
0.82028091 -49.532898 -0.65821052
0.82431883 -49.851299 -0.66417104
0.83346701 -50.182655 -0.67008972
0.83982682 -50.457081 -0.67423213
0.84864801 -50.756416 -0.68041277
0.85629028 -51.048222 -0.68487948
0.86269724 -51.339947 -0.68958104
0.86822039 -51.639877 -0.69510704
0.87596011 -51.955353 -0.70097977
0.88263434 -52.197647 -0.70564085
0.88600051 -52.521496 -0.71033311
0.89245033 -52.788811 -0.71520972
0.89797699 -53.081474 -0.71961111
0.90363806 -53.385307 -0.72586322
0.91390938 -53.695667 -0.72981954
0.91623503 -53.967869 -0.73431033
0.92151898 -54.289715 -0.73959404
0.93206567 -54.577522 -0.74448687
0.93624634 -54.878933 -0.74925405
0.94369745 -55.170147 -0.75337154
0.94984913 -55.453686 -0.75779378
0.9559502 -55.754795 -0.76232982
0.96121061 -56.075176 -0.76878852
0.96835405 -56.366226 -0.77342349
0.97320968 -56.668743 -0.77963698
0.98388052 -56.961102 -0.78433633
0.98994565 -57.262497 -0.78998107
0.99510932 -57.552223 -0.79736
1.0002979 -57.861763 -0.80362189
1.0048254 -58.154671 -0.80893415
1.0133884 -58.449245 -0.81578153
1.02303 -58.736656 -0.82087362
1.02825 -59.03104 -0.82717484
1.0352621 -59.307877 -0.83198291
1.0403763 -59.619675 -0.8382594
1.0454587 -59.918549 -0.84422171
1.0489867 -60.204548 -0.85019326
1.0549572 -60.504593 -0.85617954
1.0611171 -60.79319 -0.86156142
1.068856 -61.07325 -0.86790538
1.0765963 -61.391464 -0.87425697
1.0781164 -61.689575 -0.88020438
1.0833875 -61.973633 -0.88435715
1.0887891 -62.252281 -0.89031476
1.0948678 -62.573292 -0.89653748
1.1006681 -62.868977 -0.90350389
1.127665 -63.141304 -0.90811861
1.1798106 -63.429672 -0.9135316
1.2371882 -63.728615 -0.91896421
1.2941281 -64.006317 -0.92462683
1.3558341 -64.302353 -0.92995393
1.4247342 -64.592697 -0.93549871
1.4856408 -64.860924 -0.9402011
1.5616587 -65.168388 -0.94594258
1.6375479 -65.453812 -0.95098346
1.7164993 -65.742653 -0.95544785
1.7942821 -66.025993 -0.96160692
1.871013 -66.321098 -0.96656913
1.9444448 -66.59259 -0.9730382
2.0260518 -66.87516 -0.9780888
2.1356814 -67.157158 -0.98363101
2.2834394 -67.385963 -0.98588222
2.4618523 -67.628777 -0.98864061
2.6456282 -67.841141 -0.99267823
2.8490155 -68.045166 -0.99675256
3.0519347 -68.218384 -0.99854541
3.2983882 -68.410004 -1.0005804
3.5230427 -68.562569 -1.0038637
3.7817812 -68.706444 -1.0069081
4.0369329 -68.833908 -1.0077722
4.2803559 -68.955894 -1.0095466
4.5701518 -69.093002 -1.0112655
4.8456182 -69.219681 -1.0136697
5.1225624 -69.340706 -1.014148
5.3719673 -69.448906 -1.015257
5.6711164 -69.576569 -1.0172386
5.9285717 -69.684135 -1.0189832
6.2142854 -69.799759 -1.0207045
6.4771795 -69.910248 -1.0229086
6.7547507 -70.015015 -1.0239483
7.0579147 -70.134239 -1.0251411
7.3011017 -70.231743 -1.026175
7.5922928 -70.344078 -1.0272459
7.8717813 -70.4515 -1.0287235
8.1532488 -70.559578 -1.031211
8.4362421 -70.667824 -1.0328516
8.6976395 -70.767799 -1.0348853
8.9935036 -70.873718 -1.0363603
9.2641392 -70.978363 -1.0394615
9.5527639 -71.085144 -1.0402673
9.8265524 -71.185631 -1.0430989
10.098806 -71.28614 -1.0461321
10.392126 -71.391792 -1.0485013
10.67657 -71.49749 -1.0510409
10.926019 -71.588547 -1.052721
11.20204 -71.688667 -1.0544071
11.476011 -71.791107 -1.0545901
11.777244 -71.89856 -1.0565032
12.038298 -71.978439 -1.0597129
12.333636 -72.0084 -1.0586004
12.62446 -72.021477 -1.0577937
12.91093 -72.028786 -1.0581516
13.215855 -72.038986 -1.0581428
13.528378 -72.051537 -1.0586691
13.825061 -72.051025 -1.0579921
14.126845 -72.059456 -1.0580322
14.437223 -72.058502 -1.0566273
14.733576 -72.061714 -1.0564911
15.034195 -72.058327 -1.055799
15.310855 -72.059761 -1.0557072
15.633665 -72.055847 -1.055192
15.935002 -72.056297 -1.0551473
16.229073 -72.058731 -1.0553765
16.510256 -72.053658 -1.0561789
16.827446 -72.053108 -1.0550166
17.111753 -72.051147 -1.0560676
17.408276 -72.049744 -1.0570318
17.724611 -72.050522 -1.058538
18.012915 -72.046707 -1.058689
18.311237 -72.042313 -1.05776
18.637341 -72.037003 -1.0581828
18.910143 -72.041824 -1.0601749
19.216707 -72.034622 -1.0610059
19.53573 -72.031395 -1.0605547
19.828264 -72.025009 -1.0622318
20.105541 -72.024109 -1.062359
20.401524 -72.018898 -1.0622046
20.709066 -72.017952 -1.0615491
21.01808 -72.015114 -1.061041
21.303377 -72.017982 -1.0635854
21.614428 -72.005692 -1.0617766
21.902145 -72.003281 -1.0634929
22.209608 -72.001862 -1.0637165
22.511229 -71.995857 -1.063768
22.78161 -71.995064 -1.0634229
23.107174 -71.990288 -1.0645404
23.402845 -71.989616 -1.0638269
23.698057 -71.988495 -1.0656707
23.976362 -71.983955 -1.0643973
24.29841 -71.981216 -1.0679692
24.574322 -71.978767 -1.0692692
24.863937 -71.977524 -1.0696999
25.17034 -71.974205 -1.0689831
25.474667 -71.972046 -1.070122
25.771931 -71.96714 -1.0692354
26.063904 -71.965294 -1.070714
26.367439 -71.95681 -1.0706657
26.655317 -71.953514 -1.0708767
26.94138 -71.946785 -1.072541
27.237238 -71.944534 -1.0743284
27.5313 -71.945374 -1.075488
27.841045 -71.937752 -1.0764662
28.121168 -71.938507 -1.0771257
28.42787 -71.929733 -1.0780026
28.723927 -71.924522 -1.0781211
29.028028 -71.918442 -1.0788821
29.320217 -71.917236 -1.079286
29.618151 -71.914047 -1.0797566
29.918797 -71.913742 -1.0801845
30.217306 -71.914566 -1.0793271
30.510187 -71.913139 -1.0803599
30.818733 -71.907707 -1.0814618
31.096636 -71.907982 -1.0824845
31.412195 -71.896507 -1.0839807
31.679077 -71.891937 -1.0851954
32.002552 -71.8825 -1.0868748
32.305084 -71.87854 -1.0890839
32.593304 -71.873192 -1.0906684
32.882 -71.871399 -1.0918399
33.159527 -71.865379 -1.0929054
33.477901 -71.86525 -1.0951304
33.785183 -71.86338 -1.0965848
34.076786 -71.861206 -1.0977358
34.370628 -71.860588 -1.0975384
34.65683 -71.851303 -1.0983304
34.965607 -71.850563 -1.0997684
35.255337 -71.84243 -1.1003594
35.542259 -71.839401 -1.1023875
35.851448 -71.836807 -1.1038158
36.151333 -71.833824 -1.1067545
36.45282 -71.831032 -1.1079677
36.744736 -71.823776 -1.1082098
37.036221 -71.824242 -1.1100295
37.335442 -71.821869 -1.1117396
37.631977 -71.814957 -1.1135101
37.902042 -71.813606 -1.1149513
38.222046 -71.807915 -1.116872
38.50156 -71.800056 -1.1186975
38.822102 -71.794365 -1.1200107
39.104088 -71.79081 -1.1215229
39.381577 -71.786972 -1.1232053
39.678699 -71.777397 -1.1239272
40.003933 -71.767349 -1.1262844
40.26981 -71.766907 -1.1272838
40.584839 -71.764305 -1.1300161
40.857395 -71.760841 -1.1327239
41.166939 -71.761734 -1.1346532
41.481049 -71.761337 -1.1372546
41.775154 -71.75647 -1.1394033
42.051403 -71.754509 -1.1425418
42.330009 -71.745201 -1.1441694
42.626019 -71.74263 -1.1460221
42.914959 -71.736824 -1.1482401
43.227253 -71.735268 -1.1487446
43.504108 -71.728348 -1.1512352
43.790958 -71.723427 -1.1532292
44.126057 -71.713684 -1.1552494
44.408199 -71.708954 -1.1569941
44.738277 -71.70034 -1.1591145
44.992393 -71.696136 -1.1613286
45.295242 -71.696617 -1.1627535
45.583534 -71.692062 -1.164693
45.89502 -71.690819 -1.1666976
46.159012 -71.687561 -1.168125
46.486572 -71.683479 -1.1700281
46.780193 -71.67897 -1.1727219
47.094017 -71.674698 -1.1742769
47.376888 -71.668877 -1.176175
47.671318 -71.666901 -1.178654
47.970245 -71.657288 -1.1804532
48.289841 -71.654495 -1.1825577
48.544975 -71.648003 -1.1846666
48.836082 -71.644661 -1.1877161
49.150696 -71.634766 -1.1896135
49.446331 -71.631828 -1.1921591
49.74118 -71.624763 -1.1945856
50.046471 -71.620735 -1.1957604
50.31683 -71.614731 -1.1962063
50.638813 -71.615517 -1.1986104
50.934422 -71.607513 -1.200852
51.206074 -71.608337 -1.2027555
51.527874 -71.598625 -1.2063856
51.790977 -71.596985 -1.2082164
52.115856 -71.59433 -1.2104921
52.389202 -71.588646 -1.2120085
52.711346 -71.584869 -1.2143444
53.001892 -71.577896 -1.2164614
53.291786 -71.580788 -1.2193997
53.592838 -71.571556 -1.2225424
53.88892 -71.567657 -1.2249725
54.170311 -71.558426 -1.2274745
54.471134 -71.556587 -1.2295566
54.764587 -71.549728 -1.2317805
55.061932 -71.542488 -1.2339705
55.361263 -71.541183 -1.2367052
55.633236 -71.535637 -1.2395567
55.931808 -71.527397 -1.2426304
56.237247 -71.526466 -1.2457798
56.544331 -71.519218 -1.2499586
56.84063 -71.515594 -1.2521738
57.145718 -71.510223 -1.2538278
57.440723 -71.508301 -1.2568475
57.722961 -71.503021 -1.2590631
58.036419 -71.502441 -1.2611649
58.328197 -71.495209 -1.2641333
58.596104 -71.492752 -1.2664665
58.919743 -71.490273 -1.2695484
59.208363 -71.483215 -1.2730889
59.524693 -71.481133 -1.2761817
59.804253 -71.476059 -1.2790421
60.087482 -71.475052 -1.2813011
60.402653 -71.47171 -1.2847193
60.673607 -71.470772 -1.2865323
60.979927 -71.468246 -1.2889907
61.263397 -71.463615 -1.2913104
61.558895 -71.459137 -1.2940695
61.872967 -71.454102 -1.2966608
62.148861 -71.450348 -1.2996173
62.472485 -71.447701 -1.3029921
62.735497 -71.441933 -1.3063289
63.050346 -71.443985 -1.3098087
63.346813 -71.436798 -1.3134425
63.651867 -71.433807 -1.3159586
63.941154 -71.428871 -1.3200909
64.238983 -71.42675 -1.3232511
64.520103 -71.419655 -1.3260001
64.834114 -71.415779 -1.3290159
65.101143 -71.415703 -1.3323519
65.411552 -71.413467 -1.3356115
65.691406 -71.411964 -1.3382981
66.008995 -71.40638 -1.3419707
66.307365 -71.402878 -1.3455042
66.585426 -71.399422 -1.3483009
66.887009 -71.3936 -1.3517685
67.200104 -71.392509 -1.3539997
67.489716 -71.391693 -1.3569261
67.751656 -71.384773 -1.3597916
68.05191 -71.381203 -1.3628855
68.362289 -71.37748 -1.3656398
68.660912 -71.37249 -1.3697866
68.932358 -71.370972 -1.3727344
69.244705 -71.366852 -1.376117
69.529663 -71.36496 -1.38012
69.818138 -71.359207 -1.3834556
70.127121 -71.357903 -1.3867152
70.419167 -71.358711 -1.390738
70.736275 -71.352531 -1.3946344
71.022758 -71.347023 -1.3981259
71.313026 -71.343407 -1.4017801
71.590569 -71.335518 -1.4055865
71.909729 -71.329071 -1.4101328
72.211914 -71.327286 -1.413799
72.501595 -71.320984 -1.417781
72.804466 -71.321785 -1.4216413
73.08403 -71.313347 -1.4250786
73.379585 -71.308952 -1.429104
73.656189 -71.305267 -1.4329739
73.945793 -71.302048 -1.4376656
74.273438 -71.298622 -1.442848
74.556953 -71.29631 -1.4468087
74.85508 -71.292816 -1.4502256
75.139214 -71.288612 -1.4542409
75.458679 -71.282806 -1.4589148
75.707954 -71.277779 -1.4622576
76.033401 -71.271194 -1.4673625
76.306168 -71.268021 -1.4717171
76.606575 -71.262909 -1.4769303
76.903847 -71.259209 -1.480841
77.191833 -71.255135 -1.4852962
77.492004 -71.250458 -1.4897561
77.78981 -71.247925 -1.4940383
78.094078 -71.246071 -1.4985558
78.352654 -71.24279 -1.5014621
78.675041 -71.240143 -1.50625
78.966881 -71.234253 -1.5102088
79.271118 -71.231934 -1.5158812
79.54348 -71.231247 -1.5201392
79.880562 -71.2276 -1.5261408
80.171211 -71.226425 -1.5300374
80.442932 -71.220963 -1.5335107
80.751389 -71.217567 -1.5376984
81.048447 -71.210739 -1.5417848
81.317146 -71.20681 -1.5458018
81.630798 -71.196373 -1.5512903
81.917938 -71.18998 -1.5561343
82.2276 -71.185722 -1.5614003
82.501366 -71.177711 -1.5654712
82.816154 -71.176903 -1.5711143
83.088783 -71.172012 -1.5754642
83.415161 -71.170326 -1.5815771
83.706787 -71.164734 -1.5854895
83.976479 -71.164459 -1.5900066
84.291931 -71.162712 -1.595224
84.584541 -71.158165 -1.5999266
84.896805 -71.153297 -1.6052533
85.168007 -71.149254 -1.6103191
85.48542 -71.143684 -1.6157261
85.741707 -71.140854 -1.6202928
86.062988 -71.13176 -1.6274701
86.364304 -71.129013 -1.6325791
86.645142 -71.126656 -1.6381365
86.96077 -71.12355 -1.6437094
87.253036 -71.116898 -1.6486969
87.53083 -71.110962 -1.6538938
87.829338 -71.107048 -1.6601222
88.127426 -71.102417 -1.665257
88.411621 -71.0998 -1.669709
88.728271 -71.090988 -1.6754357
89.018173 -71.090897 -1.6807313
89.287399 -71.086929 -1.6857367
89.598923 -71.086433 -1.6918966
89.905342 -71.081497 -1.697787
90.206055 -71.073334 -1.7036541
90.515694 -71.068611 -1.7091018
90.807709 -71.064804 -1.7141511
91.094658 -71.059929 -1.7199713
91.372803 -71.052765 -1.725266
91.676537 -71.052956 -1.7309382
91.955772 -71.050667 -1.7359211
92.272408 -71.047569 -1.7410175
92.579285 -71.043633 -1.7455994
92.872124 -71.038872 -1.7510703
93.163322 -71.035919 -1.7561504
93.444168 -71.027466 -1.7610904
93.742615 -71.026566 -1.766304
94.055962 -71.024055 -1.7724884
94.356499 -71.019684 -1.7783626
94.643921 -71.014435 -1.7836434
94.915077 -71.00975 -1.7886285
95.224899 -71.00856 -1.7947284
95.512207 -71.003685 -1.8004937
95.818352 -70.997917 -1.8069676
96.099869 -70.993881 -1.8127421
96.396667 -70.991661 -1.8181919
96.673859 -70.983864 -1.823759
96.984924 -70.979797 -1.8296232
97.28022 -70.970818 -1.83487
97.572556 -70.971573 -1.840997
97.882881 -70.965744 -1.8475385
98.189713 -70.962112 -1.8536041
98.490028 -70.959473 -1.8594909
98.791122 -70.955322 -1.8662962
99.069504 -70.95118 -1.872587
99.373116 -70.944458 -1.8781811
99.668633 -70.940155 -1.8848228
99.953835 -70.930519 -1.8908106
100.22876 -70.92514 -1.8959535
100.55118 -70.917976 -1.9027799
100.84518 -70.911369 -1.9094868
101.12282 -70.904335 -1.9154881
101.41131 -70.90551 -1.9212025
101.73087 -70.899132 -1.9272555
102.05316 -70.890511 -1.9334687
102.32775 -70.885391 -1.9395816
102.63609 -70.878281 -1.9461323
102.9242 -70.877419 -1.9514802
103.21944 -70.871658 -1.957698
103.51331 -70.872101 -1.9643627
103.82487 -70.86055 -1.9706335
104.10218 -70.860077 -1.9767133
104.40026 -70.850212 -1.9820223
104.68405 -70.844055 -1.9884493
104.98393 -70.836098 -1.9945351
105.27316 -70.832878 -2.0007982
105.57459 -70.82357 -2.0075116
105.87115 -70.815941 -2.0139346
106.16396 -70.812805 -2.020174
106.45743 -70.803642 -2.0268707
106.73887 -70.802773 -2.0330679
107.05007 -70.793427 -2.0398438
107.35183 -70.792892 -2.0462353
107.65931 -70.785606 -2.0526745
107.94556 -70.785339 -2.0582805
108.24363 -70.776825 -2.0655398
108.53484 -70.776726 -2.0711839
108.83049 -70.772072 -2.0774117
109.11715 -70.765617 -2.0841768
109.42304 -70.763664 -2.0903184
109.70872 -70.753456 -2.0979133
110.01713 -70.747299 -2.1044831
110.30285 -70.745232 -2.1103926
110.60356 -70.737671 -2.1168439
110.90375 -70.730324 -2.1238451
111.20912 -70.725853 -2.129879
111.4923 -70.723854 -2.135767
111.79303 -70.714668 -2.142489
112.09382 -70.711319 -2.1489422
112.39597 -70.708893 -2.1544797
112.68338 -70.6996 -2.1618919
112.98402 -70.69664 -2.1691396
113.27576 -70.6903 -2.1751683
113.57039 -70.685783 -2.1817169
113.87955 -70.681396 -2.1891735
114.17283 -70.672401 -2.1956291
114.45619 -70.664574 -2.2026043
114.75726 -70.657982 -2.2098851
115.04623 -70.65097 -2.2168367
115.35007 -70.648727 -2.2240574
115.63613 -70.642708 -2.2299426
115.93802 -70.634666 -2.2366848
116.24024 -70.628693 -2.2439365
116.52977 -70.627831 -2.2504418
116.82926 -70.620453 -2.257185
117.12057 -70.61808 -2.263922
117.40732 -70.611 -2.271806
117.71251 -70.606117 -2.2803223
118.00801 -70.598183 -2.2874806
118.29643 -70.593727 -2.2944398
118.5901 -70.588249 -2.3014085
118.87463 -70.584526 -2.3085039
119.18679 -70.578674 -2.3155799
119.47806 -70.570122 -2.3225543
119.77374 -70.563416 -2.3292539
120.07607 -70.558037 -2.3374076
120.37225 -70.552322 -2.3442051
120.67207 -70.547241 -2.3513987
120.96421 -70.5383 -2.3593771
121.25697 -70.533638 -2.3669672
121.57247 -70.530968 -2.3741674
121.84793 -70.528427 -2.380856
122.15007 -70.521797 -2.3885489
122.42873 -70.516617 -2.3962781
122.73929 -70.510689 -2.4042277
123.0334 -70.509811 -2.4118271
123.32655 -70.500717 -2.4193294
123.61691 -70.494308 -2.4265544
123.92006 -70.485069 -2.4338806
124.19656 -70.480858 -2.4409962
124.50089 -70.476074 -2.4488788
124.7849 -70.474396 -2.4559655
125.09559 -70.466934 -2.4638648
125.38007 -70.468246 -2.4729013
125.67979 -70.458313 -2.4804225
125.98657 -70.447617 -2.4884937
126.26562 -70.445175 -2.49701
126.56461 -70.435829 -2.5039389
126.84277 -70.43129 -2.5111365
127.13908 -70.426804 -2.5185554
127.4348 -70.426056 -2.5272675
127.74934 -70.412743 -2.5356412
128.04051 -70.41288 -2.5437062
128.33881 -70.401855 -2.5518596
128.62898 -70.400116 -2.5587897
128.9342 -70.388451 -2.5665278
129.23651 -70.38118 -2.5757871
129.53249 -70.378319 -2.5835478
129.8114 -70.37175 -2.5911825
130.11334 -70.365005 -2.5989017
130.40604 -70.364281 -2.6069679
130.70425 -70.358765 -2.6156423
130.97646 -70.353889 -2.6228316
131.29466 -70.348495 -2.6321492
131.59094 -70.335892 -2.639221
131.9005 -70.330544 -2.6468115
132.18819 -70.323326 -2.6536598
132.45636 -70.323456 -2.6618285
132.78641 -70.312523 -2.6708727
133.06754 -70.311913 -2.6793225
133.37373 -70.304153 -2.6873548
133.66376 -70.301346 -2.6954851
133.9568 -70.293961 -2.7040315
134.26408 -70.290306 -2.7134771
134.55524 -70.286346 -2.7210393
134.84262 -70.286148 -2.729233
135.14851 -70.275284 -2.7378619
135.41956 -70.275406 -2.7445385
135.7477 -70.270645 -2.7543216
136.02202 -70.265823 -2.7630296
136.33966 -70.263344 -2.7725263
136.60452 -70.261749 -2.7801337
136.90443 -70.259285 -2.7885835
137.2077 -70.25238 -2.7961905
137.50735 -70.245453 -2.8058143
137.79955 -70.244194 -2.8140638
138.09535 -70.240662 -2.8228552
138.39845 -70.235085 -2.8306036
138.69246 -70.230812 -2.8398225
138.98557 -70.221756 -2.8478651
139.27992 -70.221008 -2.8573704
139.56767 -70.219543 -2.8650026
139.87135 -70.215149 -2.8733635
140.16611 -70.209389 -2.8816974
140.46313 -70.200226 -2.8909783
140.75276 -70.199448 -2.8988628
141.05685 -70.194107 -2.9080017
141.33049 -70.188446 -2.9162788
141.66614 -70.184502 -2.9264724
141.95241 -70.180237 -2.9343014
142.24292 -70.17337 -2.9417901
142.53487 -70.165031 -2.9511683
142.82326 -70.159988 -2.9599171
143.13251 -70.156487 -2.9692574
143.42943 -70.15416 -2.9780991
143.72725 -70.14994 -2.9861326
144.01546 -70.145096 -2.9952343
144.31516 -70.13903 -3.0034308
144.58284 -70.133362 -3.0115561
144.89767 -70.129349 -3.0212736
145.19765 -70.120796 -3.0300899
145.49692 -70.117729 -3.0390933
145.77859 -70.115753 -3.048914
146.05852 -70.107086 -3.0574667
146.36922 -70.102425 -3.0677669
146.68292 -70.095215 -3.0776598
146.99178 -70.092072 -3.0868268
147.2588 -70.089119 -3.0950525
147.57092 -70.08461 -3.1047189
147.88058 -70.07724 -3.1148376
148.15062 -70.069054 -3.1239617
148.46478 -70.064461 -3.1337826
148.75916 -70.059959 -3.1432114
149.03308 -70.057709 -3.1524069
149.34744 -70.051247 -3.1627572
149.64468 -70.047333 -3.1724832
149.94371 -70.039474 -3.1825449
150.23283 -70.035316 -3.1914663
150.53127 -70.029289 -3.2011569
150.83385 -70.02166 -3.210691
151.12863 -70.019096 -3.2202127
151.43045 -70.007675 -3.2297037
151.7263 -70.008202 -3.2398212
152.01053 -70.003372 -3.2486556
152.32407 -69.995461 -3.2589951
152.61455 -69.993057 -3.2687249
152.92044 -69.98394 -3.2782049
153.21989 -69.977951 -3.2879086
153.50638 -69.976723 -3.2982705
153.786 -69.967796 -3.307394
154.08644 -69.961258 -3.3173144
154.38333 -69.959572 -3.3268189
154.68982 -69.947502 -3.3370883
155.00378 -69.939049 -3.3479102
155.27887 -69.936401 -3.3575089
155.57898 -69.932449 -3.3678913
155.88017 -69.926292 -3.3780649
156.18378 -69.918526 -3.3893282
156.47523 -69.909531 -3.4001863
156.77336 -69.906921 -3.4106607
157.06534 -69.894844 -3.4200678
157.36362 -69.890411 -3.4302323
157.65596 -69.884361 -3.4394512
157.96123 -69.879967 -3.4487448
158.24698 -69.877274 -3.4578705
158.54674 -69.87323 -3.4677792
158.81177 -69.863838 -3.4758801
159.15022 -69.85865 -3.4883173
159.43193 -69.854744 -3.4987421
159.72762 -69.845177 -3.5095327
160.00504 -69.841034 -3.5194011
160.30103 -69.83255 -3.5297539
160.62854 -69.825592 -3.5419433
160.91188 -69.819366 -3.5523419
161.20515 -69.813522 -3.5622499
161.48985 -69.805992 -3.5725033
161.79224 -69.804977 -3.5834582
162.10056 -69.792519 -3.5957983
162.39244 -69.786087 -3.6064653
162.7041 -69.783653 -3.6168792
162.99117 -69.779259 -3.626539
163.2598 -69.777908 -3.6358576
163.58218 -69.769455 -3.6472883
163.8567 -69.764801 -3.6560974
164.15594 -69.756752 -3.6657996
164.47234 -69.751663 -3.6768978
164.7569 -69.745033 -3.6854203
165.0558 -69.739159 -3.6966352
165.34839 -69.733658 -3.7060337
165.64658 -69.724716 -3.7165904
165.95367 -69.717056 -3.7279451
166.24983 -69.709175 -3.739521
166.54945 -69.702179 -3.7512841
166.8194 -69.69252 -3.7611222
167.13913 -69.682014 -3.7720089
167.41805 -69.675819 -3.7820179
167.72438 -69.672462 -3.7937677
168.00061 -69.663986 -3.8019726
168.31296 -69.658661 -3.8125761
168.59868 -69.652794 -3.8219776
168.9006 -69.644844 -3.8315923
169.17961 -69.638344 -3.839437
169.48398 -69.632858 -3.8500319
169.793 -69.622757 -3.8591526
170.08458 -69.619835 -3.8698733
170.36742 -69.61351 -3.8800132
170.67711 -69.608574 -3.8898692
170.95953 -69.60141 -3.9000545
171.27628 -69.59343 -3.9114101
171.57098 -69.588531 -3.9225368
171.86031 -69.582436 -3.9343278
172.16409 -69.575775 -3.9442391
172.44626 -69.565903 -3.954778
172.73061 -69.561684 -3.9660275
173.02544 -69.552254 -3.9771283
173.34808 -69.54586 -3.9900703
173.6338 -69.538597 -3.9988339
173.93927 -69.53038 -4.0098429
174.23645 -69.525383 -4.0208564
174.51971 -69.51825 -4.0307355
174.81296 -69.51194 -4.0416212
175.09567 -69.506531 -4.0519195
175.39055 -69.49942 -4.0624518
175.7599 -69.490112 -4.0754461
176.02365 -69.483116 -4.0846791
176.30132 -69.476295 -4.0939851
176.57878 -69.47052 -4.1046762
176.87025 -69.462761 -4.1165981
177.20064 -69.454773 -4.1294274
177.49969 -69.446198 -4.1413493
177.78188 -69.439438 -4.1532626
178.05956 -69.432945 -4.163496
178.37059 -69.427429 -4.1758313
178.66316 -69.418556 -4.1868458
178.95363 -69.414284 -4.1985378
179.24127 -69.407364 -4.2105732
179.5295 -69.398109 -4.2226057
179.82587 -69.394005 -4.2347865
180.13138 -69.388901 -4.2472935
180.41412 -69.379829 -4.2577004
180.71442 -69.373383 -4.2698007
181.03914 -69.366188 -4.2842493
181.3149 -69.358742 -4.2951159
181.62535 -69.351479 -4.3068967
181.92308 -69.343094 -4.3188925
182.19621 -69.337959 -4.3302498
182.50304 -69.33065 -4.3438125
182.79428 -69.323204 -4.3561258
183.08272 -69.314232 -4.368
183.3947 -69.308342 -4.3804836
183.69446 -69.30191 -4.3936234
183.99446 -69.293015 -4.4046245
184.2662 -69.286385 -4.4157867
184.59686 -69.27935 -4.4301462
184.86053 -69.272354 -4.4401503
185.16081 -69.26461 -4.4526219
185.46532 -69.259186 -4.4641051
185.7896 -69.250008 -4.4776883
186.06036 -69.244247 -4.4883032
186.34166 -69.237373 -4.5007458
186.672 -69.231216 -4.5151057
186.95316 -69.22187 -4.5261769
187.23445 -69.217697 -4.5388403
187.5486 -69.208824 -4.5513659
187.8224 -69.202751 -4.5615964
188.12912 -69.195358 -4.5743012
188.44374 -69.185898 -4.5873632
188.70541 -69.178528 -4.598145
189.02805 -69.170403 -4.6116819
189.30844 -69.162338 -4.6225643
189.60066 -69.153702 -4.6355166
189.91048 -69.146446 -4.6480808
190.20247 -69.13829 -4.6601853
190.50964 -69.131706 -4.6738601
190.78934 -69.123795 -4.6847878
191.08034 -69.115822 -4.6976633
191.38811 -69.105499 -4.7100224
191.68263 -69.102821 -4.7229209
191.96977 -69.091568 -4.7342119
192.267 -69.083923 -4.7462649
192.57484 -69.074577 -4.7604828
192.87674 -69.067062 -4.7732739
193.17192 -69.059784 -4.7846656
193.46622 -69.050827 -4.797008
193.77266 -69.041504 -4.8085489
194.03934 -69.034554 -4.8210773
194.34395 -69.025772 -4.8333659
194.6703 -69.018974 -4.8482418
194.96252 -69.008858 -4.8608127
195.22697 -68.999535 -4.8727012
195.52979 -68.993904 -4.8848729
195.84477 -68.986122 -4.8995261
196.13712 -68.973755 -4.9124913
196.43077 -68.964287 -4.9252996
196.72307 -68.959648 -4.9389949
197.00986 -68.948997 -4.9497328
197.31401 -68.945198 -4.9643297
197.61737 -68.936348 -4.9768949
197.88484 -68.932343 -4.9883199
198.1819 -68.921257 -5.0017843
198.49832 -68.915199 -5.0160046
198.77225 -68.905396 -5.02878
199.06985 -68.902161 -5.0416903
199.3676 -68.893066 -5.0554729
199.69473 -68.887581 -5.0701966
199.97658 -68.881844 -5.0826259
200.26811 -68.874626 -5.0952477
200.54823 -68.866585 -5.1065493
200.83392 -68.861031 -5.1186762
201.13141 -68.84967 -5.1332421
201.4588 -68.842789 -5.1476746
201.72639 -68.836769 -5.160708
202.04568 -68.826111 -5.1759362
202.32309 -68.817589 -5.1875505
202.62956 -68.809364 -5.202703
202.90508 -68.804054 -5.2148614
203.20543 -68.793762 -5.2282453
203.50728 -68.781693 -5.2423968
203.7971 -68.775375 -5.2556267
204.10005 -68.76899 -5.269793
204.37683 -68.761467 -5.2834444
204.70583 -68.750809 -5.2962642
204.96698 -68.747406 -5.308682
205.29198 -68.738342 -5.3224926
205.57011 -68.733368 -5.3352585
205.86258 -68.723808 -5.3489008
206.18236 -68.715805 -5.3635845
206.47447 -68.706573 -5.3779807
206.7411 -68.700409 -5.3903661
207.037 -68.692245 -5.4039884
207.3316 -68.685783 -5.4172187
207.6246 -68.679337 -5.4316258
207.92114 -68.673141 -5.4447904
208.21097 -68.670555 -5.458601
208.51366 -68.660362 -5.4728541
208.81943 -68.65596 -5.4866405
209.1201 -68.644051 -5.500277
209.42332 -68.638336 -5.5140429
209.69421 -68.629158 -5.527225
210.01292 -68.623085 -5.5422978
210.28322 -68.614601 -5.5547147
210.61021 -68.610001 -5.5709329
210.9043 -68.602768 -5.5837998
211.16655 -68.595062 -5.5967555
211.49753 -68.585243 -5.6122708
211.7637 -68.581535 -5.6261272
212.06898 -68.572495 -5.6390729
212.36998 -68.565521 -5.6534514
212.63835 -68.560173 -5.6667485
212.95378 -68.552048 -5.6816154
213.23073 -68.549416 -5.694066
213.56726 -68.541275 -5.7097397
213.83086 -68.533875 -5.7220559
214.14032 -68.526817 -5.7387738
214.43533 -68.518784 -5.7527857
214.69916 -68.512527 -5.7643013
215.01384 -68.50399 -5.7788777
215.29449 -68.499466 -5.7917137
215.60883 -68.494759 -5.8068209
215.92812 -68.486763 -5.8212461
216.20404 -68.478378 -5.8347983
216.49638 -68.468384 -5.8475304
216.77631 -68.462067 -5.8616719
217.0808 -68.456352 -5.8774948
217.39058 -68.448715 -5.8922935
217.69235 -68.440971 -5.9071808
217.9509 -68.43206 -5.9191108
218.2729 -68.425903 -5.9350867
218.57375 -68.415871 -5.9499264
218.85109 -68.409424 -5.9626403
219.13763 -68.404045 -5.9776311
219.44612 -68.396019 -5.9907994
219.74675 -68.38987 -6.0072918
220.05099 -68.385719 -6.0223308
220.3385 -68.377167 -6.0378413
220.61086 -68.373688 -6.0511179
220.93582 -68.366898 -6.067812
221.22966 -68.3582 -6.082787
221.52686 -68.350746 -6.0978398
221.79362 -68.344864 -6.1119328
222.08423 -68.337257 -6.1266165
222.38466 -68.328232 -6.1433396
222.67081 -68.31881 -6.1572518
222.99515 -68.313194 -6.1748753
223.2636 -68.306389 -6.1873126
223.57655 -68.299026 -6.2021379
223.87502 -68.289978 -6.2171431
224.17194 -68.281982 -6.2319531
224.46709 -68.27533 -6.2472825
224.76439 -68.268211 -6.2635732
225.05853 -68.260445 -6.2790432
225.35246 -68.251915 -6.2928557
225.65244 -68.24749 -6.308146
225.94958 -68.240463 -6.3228521
226.23526 -68.233757 -6.3371277
226.53952 -68.226425 -6.3521767
226.83459 -68.220062 -6.3664927
227.14409 -68.214836 -6.3823595
227.43884 -68.205193 -6.3974404
227.70949 -68.198814 -6.4113841
228.02136 -68.189835 -6.4264798
228.31932 -68.185013 -6.4417338
228.62361 -68.178429 -6.4585781
228.91676 -68.172493 -6.4730892
229.20663 -68.167496 -6.4875236
229.49437 -68.159142 -6.5016723
229.78259 -68.153244 -6.5166435
230.07298 -68.146439 -6.5312662
230.38766 -68.136063 -6.5472612
230.69386 -68.131668 -6.5642452
230.97606 -68.123611 -6.5796046
231.25867 -68.115372 -6.594326
231.57317 -68.108513 -6.6107121
231.86592 -68.100044 -6.625957
232.15498 -68.094849 -6.6436906
232.45741 -68.085434 -6.6604848
232.73796 -68.080139 -6.674789
233.04688 -68.073547 -6.6913948
233.33591 -68.065102 -6.7061629
233.62677 -68.057098 -6.7218156
233.94518 -68.04673 -6.737854
234.24124 -68.041595 -6.7532768
234.53647 -68.033218 -6.7684011
234.84581 -68.02784 -6.7848763
235.13019 -68.017029 -6.7996707
235.4252 -68.009239 -6.8150668
235.71077 -68.003334 -6.8306255
235.99306 -67.995514 -6.8463998
236.31471 -67.987267 -6.8638783
236.58574 -67.979843 -6.878098
236.89455 -67.968567 -6.8947582
237.18571 -67.960884 -6.9105496
237.49292 -67.949295 -6.9274645
237.76729 -67.946175 -6.9432545
238.06886 -67.940903 -6.9594145
238.37038 -67.934303 -6.9752979
238.66382 -67.924751 -6.9921427
238.93721 -67.917587 -7.0059733
239.26067 -67.909615 -7.023788
239.54048 -67.901535 -7.0386825
239.8349 -67.897835 -7.0562649
240.13271 -67.891197 -7.0710549
240.42319 -67.88707 -7.0867362
240.71626 -67.880508 -7.1023579
241.02252 -67.8731 -7.1181493
241.30748 -67.862373 -7.1351223
241.60742 -67.855171 -7.1520185
241.89214 -67.847511 -7.1682534
242.19565 -67.841408 -7.1850138
242.48457 -67.832314 -7.2013292
242.79408 -67.826775 -7.2178645
243.09142 -67.820045 -7.2350373
243.37943 -67.814659 -7.249999
243.69852 -67.804451 -7.2657633
243.97141 -67.80114 -7.2807393
244.25674 -67.794258 -7.295804
244.56155 -67.787224 -7.3119764
244.83374 -67.781303 -7.3247533
245.14391 -67.774094 -7.3423686
245.44246 -67.766266 -7.3581505
245.73608 -67.758705 -7.3744292
246.0367 -67.751678 -7.3900113
246.33496 -67.743996 -7.4073849
246.62192 -67.735977 -7.4237499
246.91641 -67.730194 -7.4397864
247.22537 -67.721855 -7.4566011
247.51581 -67.716187 -7.472929
247.81851 -67.714523 -7.4910984
248.10944 -67.708397 -7.5074606
248.41234 -67.704521 -7.5234618
248.70193 -67.695221 -7.5394597
248.99794 -67.687439 -7.5544782
249.30547 -67.680534 -7.5720282
249.58917 -67.673874 -7.5876679
249.87561 -67.665993 -7.603734
250.18364 -67.658287 -7.6209779
250.47444 -67.653572 -7.6365848
250.77609 -67.649055 -7.6541767
251.04941 -67.642036 -7.6688242
251.36755 -67.63652 -7.6858382
251.65251 -67.628784 -7.7021399
251.94666 -67.623726 -7.7186408
252.2419 -67.617447 -7.7355561
252.53384 -67.610268 -7.7515516
252.83397 -67.602966 -7.770287
253.12007 -67.597168 -7.7883954
253.4178 -67.589981 -7.8043957
253.70476 -67.583405 -7.8221855
254.00546 -67.576828 -7.8385892
254.27748 -67.572227 -7.8544812
254.59572 -67.560966 -7.8720684
254.87314 -67.553673 -7.8887219
255.17009 -67.546684 -7.9070182
255.45461 -67.538719 -7.9228005
255.76958 -67.529327 -7.9408069
256.06345 -67.522156 -7.9583335
256.35767 -67.517433 -7.9751606
256.65662 -67.513199 -7.9916849
256.94989 -67.507751 -8.0089493
257.24899 -67.501045 -8.0271845
257.5387 -67.495033 -8.0439444
257.84006 -67.490692 -8.0612831
258.1319 -67.486893 -8.0791454
258.43176 -67.479134 -8.0970488
258.72229 -67.475014 -8.113471
259.00882 -67.468124 -8.1310091
259.31125 -67.462997 -8.1492701
259.59445 -67.455803 -8.1660614
259.90128 -67.450684 -8.1850224
260.19531 -67.443893 -8.2034302
260.52271 -67.436874 -8.2229357
260.76013 -67.430298 -8.2367258
261.08795 -67.42437 -8.2563639
261.37198 -67.417267 -8.2751799
261.65964 -67.41256 -8.2930918
261.96906 -67.406204 -8.3128424
262.27542 -67.397591 -8.3303185
262.55966 -67.391205 -8.3479013
262.83185 -67.384628 -8.3640823
263.14871 -67.380234 -8.3823643
263.44995 -67.374779 -8.4006052
263.7449 -67.3675 -8.4192848
264.03918 -67.362587 -8.4377117
264.33633 -67.35675 -8.4548397
264.59314 -67.351112 -8.47083
264.90533 -67.346375 -8.488286
265.18054 -67.336861 -8.5037231
265.48746 -67.330383 -8.521719
265.79178 -67.324074 -8.5412683
266.10229 -67.316841 -8.5592747
266.38455 -67.310219 -8.5755672
266.68716 -67.301094 -8.59482
266.97604 -67.292847 -8.6120653
267.27908 -67.287254 -8.6328173
267.56488 -67.281464 -8.6495762
267.85544 -67.272568 -8.6688194
268.15524 -67.270088 -8.6864433
268.46082 -67.26342 -8.7057533
268.74509 -67.258865 -8.7221603
269.03253 -67.251503 -8.7412615
269.3291 -67.244331 -8.7596121
269.62402 -67.237358 -8.7775068
269.9281 -67.224915 -8.7946033
270.21539 -67.219856 -8.8124304
270.49188 -67.213814 -8.8292408
270.80734 -67.207161 -8.8490372
271.11243 -67.200272 -8.8663197
271.38965 -67.194328 -8.8830538
271.69189 -67.185829 -8.9005165
271.98505 -67.179016 -8.9181671
272.28564 -67.176651 -8.9367275
272.57578 -67.16819 -8.9543495
272.87689 -67.162834 -8.9731903
273.15518 -67.159309 -8.9902296
273.46661 -67.150078 -9.0100021
273.76422 -67.14502 -9.0274725
274.0629 -67.138802 -9.0466986
274.35587 -67.13076 -9.0654039
274.65668 -67.127213 -9.0854235
274.93756 -67.116417 -9.1025991
275.25412 -67.109886 -9.1240263
275.54346 -67.102486 -9.1426125
275.8436 -67.094208 -9.1616745
276.12872 -67.086861 -9.1796713
276.43112 -67.078445 -9.1992226
276.7215 -67.071053 -9.2174587
277.02408 -67.06498 -9.2363634
277.29785 -67.060051 -9.2529945
277.57858 -67.050186 -9.2711201
277.88907 -67.045319 -9.2931147
278.18799 -67.041817 -9.3139696
278.45801 -67.035019 -9.3303719
278.78036 -67.030495 -9.3523254
279.07733 -67.024345 -9.3708582
279.35876 -67.017082 -9.3898802
279.62949 -67.013199 -9.4069901
279.92572 -67.006142 -9.4256277
280.2319 -66.997826 -9.4459248
280.54303 -66.986366 -9.467844
280.8219 -66.981926 -9.4844713
281.12567 -66.975449 -9.5047922
281.41415 -66.96946 -9.5236969
281.72043 -66.961662 -9.5427732
282.00821 -66.953201 -9.5611353
282.29297 -66.949402 -9.5807343
282.58862 -66.939919 -9.600256
282.87921 -66.932457 -9.6194057
283.17288 -66.930412 -9.6379137
283.4697 -66.918526 -9.6575975
283.75458 -66.916824 -9.6751566
284.05707 -66.913864 -9.6946135
284.35107 -66.904671 -9.7136984
284.62921 -66.89994 -9.7321072
284.92606 -66.888672 -9.7510748
285.228 -66.879517 -9.7700958
285.5296 -66.871819 -9.7890682
285.81482 -66.865135 -9.8082342
286.11981 -66.856674 -9.8283825
286.40457 -66.850609 -9.8463697
286.70621 -66.846199 -9.8662205
287.01025 -66.841217 -9.8855648
287.29437 -66.834778 -9.9042063
287.59235 -66.826218 -9.9236393
287.86438 -66.82132 -9.9423647
288.18216 -66.817711 -9.9638968
288.48184 -66.804131 -9.9834957
288.75323 -66.801521 -10.001116
289.05865 -66.795547 -10.021668
289.34705 -66.786629 -10.039743
289.64764 -66.779045 -10.059693
289.93842 -66.767067 -10.07796
290.22885 -66.760674 -10.096881
290.52487 -66.75943 -10.116068
290.82928 -66.755692 -10.137183
291.12369 -66.744987 -10.156671
291.40402 -66.739677 -10.175677
291.70056 -66.72226 -10.195802
291.96851 -66.653671 -10.212263
292.20352 -66.554832 -10.226371
292.47516 -66.419991 -10.241465
292.71442 -66.28688 -10.255242
292.94858 -66.138657 -10.267536
293.19592 -65.945442 -10.281083
293.40466 -65.760582 -10.291636
293.59927 -65.564514 -10.301041
293.78424 -65.350746 -10.309484
293.96255 -65.11628 -10.316574
294.1138 -64.880135 -10.324183
294.25977 -64.628777 -10.329566
294.3717 -64.383926 -10.332459
294.47971 -64.126831 -10.336288
294.56433 -63.843697 -10.336939
294.63019 -63.561024 -10.337565
294.67456 -63.276299 -10.334929
294.69305 -62.992584 -10.33139
294.69876 -62.686222 -10.32531
294.67596 -62.41864 -10.320819
294.63239 -62.12772 -10.313251
294.58566 -61.838646 -10.305717
294.50714 -61.573067 -10.29554
294.41162 -61.309391 -10.285065
294.3956 -61.291206 -10.283742
294.38608 -61.293087 -10.283083
