2008122000000,0.106156421427,0.0340756328489,-0.403785192599,-0.634195973543,0.00922144962022,-0.382070634505,-0.0744321118112,-0.083078177699,0.0419792113972
2008239000000,0.0977423560082,0.0278728960087,-0.472003201484,0.970619499842,-0.183442121362,-0.548389075633,0.003162242287,0.0206914728159,0.0462774633957
2008324000000,0.20916166294,0.0275047508938,-0.429573607876,1.38674021198,0.0627404284763,0.235813180844,0.0510356225265,0.0189703825,0.0475097063165
2008396000000,0.306132268067,0.0303203228957,-0.415115485039,1.39538634341,0.0379446645453,0.142234186093,0.0716946451133,0.0184265444386,0.0427642318419
2008532000000,0.488825411286,0.0367073316764,-0.415197294743,1.42955147353,0.0447308866576,-0.167773446928,0.0760529272932,0.0184289135409,0.0371207150988
2008607000000,0.603265267432,0.0414300951743,-0.434149264217,1.43985709155,0.0652691581811,-0.284810940553,0.0557198049591,0.0179262704409,0.034004596238
2008687000000,0.718439674758,0.0462449064286,-0.465702834544,1.45310885824,0.0523143534791,-0.487064751229,0.0175389225219,0.0177353218709,0.0309494669448
2008768000000,0.864640520568,0.052795302198,-0.473144888771,2.26113512679,0.0981039304257,0.0397429727543,-0.0189180613334,0.0179194636862,0.0251292318595
2008855000000,1.07461561142,0.0591802161296,-0.468997327668,2.36245177607,0.0400489557179,-0.0668915206115,-0.0302853582109,0.0175949480824,0.0205683999984
2008914000000,1.21517661201,0.0612585809271,-0.476284859459,2.35346535637,0.0386046835482,-0.190129755858,-0.0253546037064,0.017396164361,0.0182657828894
2009008000000,1.43598035254,0.0615665077929,-0.49731468631,2.91410169642,-0.105885326808,0.045119102136,-0.00192405645698,0.0161545167433,0.0164767150547
2009062000000,1.58882418036,0.065209923173,-0.497418878819,3.10226104478,-0.0566094876259,-0.00737844557775,0.00306105336003,0.0162235936601,0.0143875605705
2009187000000,2.07632811046,0.0698194522769,-0.510710418064,4.39128370017,0.0119691681867,0.0598297075212,-0.00196137818058,0.0149584377332,0.00372033372543
2009249000000,2.37378267298,0.0688599686284,-0.51664192897,5.40921104852,0.0148110416472,-0.0246978042547,-0.00210191385414,0.0162313790961,0.00251927335544
2009316000000,2.79097673878,0.0684221532413,-0.52278501152,6.50164288027,-0.0248084570584,-0.112511654183,-0.0039890555646,0.016837667089,0.000552712609588
2009385000000,3.26898434914,0.0702409327556,-0.527357727465,7.18085889031,0.0346243235767,-0.12323053136,-0.00638012033886,0.0180195114062,-0.00324660808868
2009463000000,3.81618678675,0.0682470341846,-0.536615644142,8.31988064578,-0.0700879663632,-0.0702247069776,-0.00644410678705,0.0183715078886,-0.00344036352063
2009511000000,4.24943873797,0.0661506447831,-0.541229171833,8.9655935451,-0.0638512203011,-0.26272733382,-0.00548804194732,0.0186491298294,-0.00469715774933
2009585000000,4.98110347472,0.0618982924761,-0.552403280888,9.30983076576,-0.0113319625502,0.118909318948,-0.00530786765203,0.0221476119817,-0.00555481100959
2009666000000,5.72243647941,0.0567703800856,-0.571348442208,9.2472154828,-0.0831750332551,-0.133521569714,-0.00475014389843,0.020674952927,-0.00623295441167
2009729000000,6.27664161685,0.0532386058822,-0.581976081815,9.23128598954,-0.0833562990058,-0.220498037886,-0.00521665913353,0.0217547736964,-0.006253705325
2009837000000,7.29137323113,0.0460779092,-0.598687301374,9.23866137883,-0.0745651117434,-0.0768149091665,-0.00496870530555,0.0230730080828,-0.00633951473276
2009911000000,7.93689065215,0.041410908627,-0.615982748242,9.20807876515,-0.0642477713356,-0.202184883937,-0.00594565253967,0.0220543010628,-0.00640478773566
2009989000000,8.67313465251,0.0362040109557,-0.631395600299,9.1935995896,-0.0695006890855,-0.126444896716,-0.00476904635903,0.0220876761197,-0.00606478842339
2010056000000,9.31664962315,0.0317153051103,-0.647116511676,9.20172815375,-0.0671026853731,-0.284490612826,-0.00373100379489,0.0217972384236,-0.00617069622654
2010115000000,9.86758777076,0.0277079532804,-0.659014349421,9.17261479859,-0.056187047134,-0.270534063771,-0.00342930304075,0.0217387974214,-0.00611869071617
2010186000000,10.5099173154,0.02321889273,-0.672506464625,9.17492737553,-0.0641840374465,-0.238447497331,-0.00157072968922,0.0205409413753,-0.00622647230293
2010258000000,11.1512873839,0.018641720049,-0.686066102673,9.15419402723,-0.0602979810345,-0.175478554485,-0.00227206895094,0.0190395396066,-0.00635690404437
2010334000000,11.8821288305,0.0136597688278,-0.702646276075,9.12492673746,-0.0558369946341,-0.19027817239,-0.00196570280463,0.0203278873999,-0.00595520127954
2010404000000,12.5204441848,0.0091336236316,-0.712302253081,9.10419560377,-0.0693410897551,-0.266597651253,0.00256027825555,0.0228335300173,-0.00656920889565
2010464000000,13.06709327,0.00508962031083,-0.722320586839,9.14798418181,-0.0654710027681,-0.139340822638,0.00736075464675,0.0263800067688,-0.00614319435388
2010523000000,13.52215377,0.00199019859157,-0.725689270893,9.11684785341,-0.0580503281691,-0.249056525285,0.0117584879071,0.0296877081669,-0.00569099096254
2010621000000,14.4299735411,-0.00527947482278,-0.722125785308,9.02767038706,-0.0798791638737,-0.15712279689,0.0203721661355,0.0406328521753,-0.00628071476568
2010698000000,15.1520537646,-0.0119355646625,-0.755137253771,9.02531545528,-0.0852487371179,-0.772710376868,0.0265250057369,0.0592546586308,-0.00625878697959
2010769000000,15.7846965727,-0.0181315157304,-0.811943241585,9.37222963435,-0.0963381362533,-0.750696925824,0.0267520364083,0.0804826862438,-0.00661184963998
2010830000000,16.3484574887,-0.0224610391225,-0.818409534577,9.41770915375,-0.0879206772746,-0.225957703003,0.0145951321659,0.0808080682147,-0.0091898328407
2010917000000,17.1932623232,-0.0304195351292,-0.83038336002,9.31806296184,-0.0667418633654,-0.0310426433907,0.0208130782172,0.0831404053416,-0.00521167322624
2011039000000,18.3408301011,-0.0416416590905,-1.01316699269,9.70217286903,-0.104028813838,-2.47507279758,0.0211200587325,0.0280836592675,-0.00640843935226
2011098000000,18.905567124,-0.0440011074753,-1.04415157792,9.30923544863,-0.0897903514542,-0.417388439808,0.0180882008155,0.0243774645593,-0.00592106049556
2011201000000,19.838544916,-0.0512243569309,-1.04200424384,9.37934912262,-0.066534426895,-0.385022251541,0.00964136238203,0.0317554295828,-0.00530052097917
2011274000000,20.5907468228,-0.0581114513869,-1.1033802993,9.31568977326,-0.0921175039321,-0.43708639048,-0.00119936503261,0.0241959426996,-0.00559664537368
2011325000000,21.0568286991,-0.0595588155607,-1.10863276482,9.3485070995,-0.0755731929195,-0.398432379275,-0.00495430381819,0.0231058296779,-0.00524644828731
2011422000000,21.8951264733,-0.0650479344081,-1.12835188502,9.31538491093,-0.0508262682794,-0.234738226817,-0.00214126915318,0.0223058512522,-0.00527405864441
2011523000000,22.824791025,-0.0710192967231,-1.14799199897,9.29094393377,-0.0598405734168,-0.278843311653,-0.0016390280835,0.0223117953275,-0.00572539736607
2011610000000,23.6606831353,-0.0766635044281,-1.16505546304,9.29508095127,-0.0760292729747,-0.315845748021,-0.0017637537159,0.0205080645108,-0.00560567945825
2011656000000,24.1246824573,-0.0795679530849,-1.17855271589,9.27623267625,-0.0670023811219,-0.250705881467,-0.00233102171483,0.0194548564053,-0.00564820310218
2011783000000,25.2351296818,-0.0866986501521,-1.20231689933,9.25518448719,-0.0590765214675,-0.202372942324,-0.000923434490923,0.0188305727383,-0.00593252830984
2011880000000,26.1582292578,-0.0929836980271,-1.21974787178,9.22018213111,-0.059188498735,-0.00963712992983,-0.0027188329319,0.0188806316748,-0.0059847073159
2011948000000,26.8033492482,-0.0973624020101,-1.2306798982,9.19694738847,-0.057611106358,-0.154792803214,-0.00489882500407,0.0183844039298,-0.00611251439112
2012019000000,27.4456227883,-0.101901385751,-1.23614704719,9.13882735707,-0.0647623002961,0.0599911698005,-0.00721665203431,0.0224849631458,-0.00610171003126
2012078000000,27.9970202296,-0.105557930596,-1.25114789212,9.19419432975,-0.0721144014234,-0.297992077897,-0.00610939193534,0.0212614466286,-0.00588963953132
2012144000000,28.6391030078,-0.110085957228,-1.26585029587,9.14241117606,-0.0659033590363,-0.160344772613,-0.00315532440455,0.0207630039562,-0.00602487133157
2012202000000,29.0967077073,-0.113189286204,-1.27396187065,9.14799250713,-0.0537913211511,0.0119773324905,-0.00532151244186,0.0212751029146,-0.00632121000849
2012322000000,30.1939949773,-0.120662816487,-1.29413697955,9.12827535782,-0.0554659558382,-0.374116639215,-0.00844129989787,0.0186659006968,-0.00630950229047
2012398000000,30.9226899055,-0.125810227136,-1.31275995898,9.0957310459,-0.0665974632029,-0.000578531178763,-0.00667348166823,0.0209469882358,-0.00595768803232
2012481000000,31.6511517053,-0.130833493672,-1.32900755311,9.10378694982,-0.0555226114647,-0.237090300043,-0.00566496174411,0.0199742078,-0.00598107811384
2012567000000,32.4680136645,-0.136347239345,-1.34066472702,9.06703312604,-0.0630294981421,-0.181877531775,-0.00398478970857,0.0216207061361,-0.00594836689127
2012674000000,33.4656524923,-0.143077004108,-1.36170908383,9.104585915,-0.0669438082972,-0.304588357432,-0.00269237285056,0.0220315558413,-0.00584757667282
2012763000000,34.1902115065,-0.147886257211,-1.37706811588,9.0478165529,-0.0610537256722,-0.0995381321221,-0.00438611004232,0.0211929510254,-0.00583388521324
2012827000000,34.8230270843,-0.152059672685,-1.38773087229,9.04035738159,-0.051793688385,-0.110250186824,-0.00565473404763,0.0207083084811,-0.00621320682217
2012901000000,35.4555751136,-0.156356808991,-1.40515435596,9.04194812323,-0.0660829552163,-0.253301120519,-0.00461398187781,0.0192951783102,-0.00612962069819
2012971000000,36.0866830228,-0.160766522707,-1.42004760063,8.99456913785,-0.0507588209428,-0.121329930332,-0.00364184995035,0.0194449222047,-0.00618789220691
2013027000000,36.6336910527,-0.164090670645,-1.42739515879,9.13630584894,-0.0502417044625,0.00247489896507,-0.00421601399589,0.0195819291025,-0.00620938401312
2013095000000,37.2737816658,-0.168567136346,-1.44090424795,9.12557163201,-0.0648498352385,-0.188642485109,-0.00598207048254,0.0183572044548,-0.00623565666566
2013177000000,38.0028838622,-0.173714891332,-1.45446119354,9.11475629866,-0.0581511381249,-0.197964216842,-0.00645134464761,0.0197307617187,-0.00622158802801
2013233000000,38.4585117105,-0.176840371894,-1.46214327317,9.10117214408,-0.0580640173854,-0.0374669589164,-0.00539153614143,0.0198950465242,-0.00623879620853
2013302000000,39.0960851044,-0.181403571468,-1.47540355818,9.0980876277,-0.0709172200437,-0.235509863552,-0.00640430426297,0.0183449344248,-0.00653763014377
2013374000000,39.8221391932,-0.186659459682,-1.48953839876,9.0691717496,-0.069201370618,-0.161241033344,-0.00832763249257,0.0199851089296,-0.00629231914823
2013445000000,40.4564815668,-0.190476215419,-1.49905676025,9.07567133233,-0.0621867430475,-0.337467894123,-0.00673900135808,0.0214093933252,-0.00634123933358
2013501000000,40.9100412192,-0.193884081911,-1.51098658901,9.09982268955,-0.0618306301025,-0.268815595636,-0.00630989281424,0.0202142456953,-0.00644907424993
2013574000000,41.6386638874,-0.198999940832,-1.52426923489,9.17465339396,-0.0434604262887,-0.171293939091,-0.00863904249725,0.0212363543966,-0.00626943308875
2013660000000,42.37286294,-0.204030509022,-1.53857312456,9.1887360312,-0.0697528058835,-0.200886374943,-0.00947459934564,0.021520008428,-0.0059212097474
2013733000000,43.0149078255,-0.208553335164,-1.5523325755,9.14196256215,-0.0645321184422,0.132033756462,-0.00772875873546,0.0211773358605,-0.0061646768908
2013801000000,43.6555908072,-0.213036718646,-1.56567484892,9.14183185599,-0.0641481082038,-0.214277988952,-0.00579501789293,0.0203671723566,-0.00602333323755
2013884000000,44.4782489355,-0.218580268285,-1.58370765033,9.13940622228,-0.0516876754975,-0.344269464092,-0.00695676147864,0.0195868480261,-0.00603503225633
2013952000000,45.0245353878,-0.222274005503,-1.58924178147,9.10775060656,-0.0623171040561,-0.161511414083,-0.00499079318821,0.0215256782223,-0.00568087353819
2014016000000,45.6626091183,-0.226502381904,-1.60770640797,9.14590585362,-0.050429089593,-0.158833981997,-0.00528638997746,0.0215081733912,-0.00583041283863
2014078000000,46.2082110561,-0.229988731738,-1.61543265017,9.09504689842,-0.0482815316366,-0.0432403143848,-0.00407873934529,0.0218365733722,-0.00566180223023
2014149000000,46.8448435145,-0.234167009972,-1.62977467306,9.08186214579,-0.0547465948781,-0.14423978545,-0.00476213551905,0.0199637095044,-0.00604397030261
2014210000000,47.3891303458,-0.237860352515,-1.64183970433,9.06122374834,-0.0520812189281,-0.0474081597273,-0.00338102208729,0.0201468871926,-0.00594058319699
2014288000000,48.114066224,-0.242782403989,-1.6582156921,9.09726281042,-0.0632646162069,-0.243431500187,-0.00131763337344,0.0200018565048,-0.00604308439449
2014371000000,48.837801333,-0.248022399121,-1.6729576404,9.03713982812,-0.0568857200274,-0.324772469287,-0.00206730986097,0.0201159233638,-0.0061050580051
2014422000000,49.2895307284,-0.250871862903,-1.6818904314,9.0191788683,-0.0648388689665,-0.0757644680239,-0.00391117227338,0.0208626651734,-0.00557171801821
2014494000000,50.0146006601,-0.25564265251,-1.69186250099,9.13624367138,-0.118664540128,-0.137160119849,-0.00380067659661,0.0213980571,-0.00533894456838
2014564000000,50.655207744,-0.259694680704,-1.70588407366,9.14340258817,-0.0592206054153,-0.254285540441,-0.00194951285027,0.0211191831719,-0.00537608746555
2014638000000,51.2951862491,-0.263695781516,-1.71973031225,9.13013499545,-0.0573873799949,-0.204693776663,-0.000779163795536,0.0209446982151,-0.00567877461559
2014711000000,51.9349618662,-0.267992606026,-1.73428548141,9.14197259272,-0.0629868126122,-0.209865592623,-0.00334953786966,0.0194457098694,-0.00604539596247
2014785000000,52.6633040253,-0.272636039876,-1.74511937928,9.10123239905,-0.0669597311076,-0.18479799968,-0.00885206090676,0.0212256849575,-0.00594866876359
2014841000000,53.1182314907,-0.275701715218,-1.75571975837,9.07177314956,-0.0519969739043,-0.0667385174759,-0.00874213450831,0.0224020462953,-0.00595047532164
2014913000000,53.7553398148,-0.279737122091,-1.77014787146,9.0995926453,-0.0599968809531,-0.247057157778,-0.00541808940016,0.0209347868551,-0.00622258783226
2014975000000,54.3919036793,-0.284385101876,-1.78385055964,9.09480973713,-0.072651482877,-0.282451254375,-0.0047837993046,0.0186255612457,-0.00629625984602
2015030000000,54.8448743266,-0.28751191553,-1.79152722229,9.06102017187,-0.0659949021082,-0.164825917652,-0.00700204811068,0.0195724359695,-0.00622642277152
2015112000000,55.5730388657,-0.292200873048,-1.80493244248,9.15986501283,-0.0866016877446,-0.173017492601,-0.00894251938452,0.0200844120333,-0.00609423732307
2015177000000,56.2136670109,-0.296583053719,-1.81719198792,9.17648318707,-0.0614314319772,-0.332730985801,-0.00615695027294,0.020085840652,-0.00570587743022
2015238000000,56.7643435831,-0.30011489345,-1.83325935714,9.15928757904,-0.0726749586484,-0.245290352081,-0.0061733047183,0.0194085669257,-0.00605866286747
2015322000000,57.4956211859,-0.305327678887,-1.84100439718,9.14196876036,-0.0533596594418,-0.188654961472,-0.00514007765403,0.0209509142808,-0.00585206683287
2015379000000,58.0441119287,-0.30894477308,-1.85375559319,9.14046476556,-0.0640558819532,-0.19242505368,-0.00261002532798,0.020814016902,-0.00564196980659
2015444000000,58.6833099878,-0.313290679732,-1.86787800706,9.14714086807,-0.0593051626435,-0.166836974864,-0.00280200175518,0.0197573624399,-0.00613589448401
2015506000000,59.2295238663,-0.316988373458,-1.87886602831,9.10862851864,-0.0618663647819,-0.181058259836,-0.00391893610391,0.0205543643145,-0.00591178050317
2015583000000,59.8667118819,-0.321386078239,-1.89242637761,9.09164429084,-0.0571243239998,-0.146450979734,-0.00409443198147,0.0200266287037,-0.00597077349214
2015653000000,60.5037871968,-0.325528606743,-1.90713408924,9.1037826962,-0.0684045108883,-0.256647035681,-0.00452753408985,0.0183431403838,-0.0059634955397
2015709000000,61.0517032304,-0.328870145977,-1.91740304343,9.21825642798,-0.0919165271137,-0.184385082636,-0.00386203103963,0.0202914062548,-0.0059490795569
2015771000000,61.6045251585,-0.33280424826,-1.9244585471,9.20710940625,-0.0600315347369,-0.00474459617386,-0.0020812923208,0.0214759492412,-0.00644664520337
2015843000000,62.24955978,-0.337322291954,-1.93962871792,9.20836056682,-0.0559839339744,-0.222143284231,-0.00199825954559,0.0203871559716,-0.00625848025032
2015913000000,62.8933377599,-0.34173873812,-1.95176108593,9.19866986865,-0.0623508498685,-0.242065564349,-0.00144836336001,0.0207652914872,-0.00590990977598
2015976000000,63.5367567612,-0.346149849251,-1.95860816603,9.19272376255,-0.044000907098,-0.189727615198,-0.000235773225031,0.0201159671949,-0.0061045678478
2016052000000,64.1801294941,-0.350659168268,-1.97870979729,9.20514822981,-0.0659599095104,-0.28386074994,-5.12976507023e-05,0.0188477028168,-0.00605356117211
2016113000000,64.7306605537,-0.354267800689,-1.98949622704,9.17047197943,-0.0631957876762,-0.211544802819,0.000975555352162,0.0167082685508,-0.0060008000231
2016187000000,65.4693479753,-0.359851710168,-1.99997541543,9.32089109639,-0.102841526044,0.147326453237,0.00913036600509,-0.0043267473121,-0.00667297358984
2016247000000,66.0261190362,-0.364003927558,-1.99834351885,9.17852603517,-0.0669441903313,0.191621487948,0.0199071889098,-0.0382099928694,-0.00669376314118
2016323000000,66.6664399785,-0.368454505999,-1.99254742585,9.05888904578,-0.0354534886342,0.0713977678989,0.0316801985865,-0.0630729184494,-0.00616770879678
2016381000000,67.2067848018,-0.371185362822,-1.99406624143,9.03527472751,-0.0442318034371,0.0350608630545,0.0390862706815,-0.0656319564014,-0.00602730143626
2016463000000,67.9246510878,-0.374173972324,-1.99896494874,8.88877709426,-0.0443307304866,0.0978172028888,0.0430077114046,-0.0459978099252,-0.00471646848149
2016515000000,68.4645754026,-0.375041646576,-2.01174934603,9.1426964969,0.0877820379657,0.902131353579,0.0478425157986,-0.0176804723347,-0.00483588210342
2016581000000,69.0092064507,-0.381976755789,-1.92378032385,9.07593191066,-0.0508833119407,1.49311612631,0.0808072436761,0.0176727590246,0.000857728920439
2016649000000,69.6520266378,-0.388932818723,-1.88219300567,9.26538265453,-0.0763287875024,-0.0419843706505,0.123322888613,0.0464494735146,0.000688076466767
2016729000000,70.4220025182,-0.39505429281,-1.9624602388,9.61774688439,-0.0758262083659,-1.04439616446,0.169405803619,0.0213238611599,-0.00207780258823
2016806000000,71.1845131659,-0.399383125817,-1.95821334376,9.47918692544,0.0379693052366,-0.105730468361,0.183522020541,0.0181099368736,-0.00221051806122
2016854000000,71.6605450945,-0.402114079254,-1.96955307519,9.53816050776,0.0429082410561,-0.420387109075,0.184334187875,0.0180416135515,-0.00330328403284
2016931000000,72.3263236165,-0.404734544204,-1.99003053026,9.50945004268,-0.0345861940744,-0.398920404861,0.174278347244,0.0179647764072,-0.00465583059902
2016987000000,72.8963881703,-0.407068802168,-2.01161099789,9.51734434294,-0.0640485508824,-0.548483361935,0.153849291591,0.0179089754645,-0.0055871600945
2017040000000,73.3718175383,-0.407469883622,-2.04102148919,9.42006977844,-0.0231225848318,-0.468116572644,0.130385744467,0.0168675579513,-0.00542475248692
2017123000000,74.1317450785,-0.419078273022,-2.01523749091,9.48663502227,-0.176079199238,0.105787623661,0.091955295157,-0.0123078222921,-0.0055411719431
2017212000000,74.9767682141,-0.426006901797,-1.99457661906,9.27367731297,-0.0720075045406,0.0969224410828,0.0506076335631,-0.034410561612,-0.00905080630265
2017272000000,75.5290948548,-0.431001452488,-1.98926892342,9.13424948679,-0.0945895465387,0.0690527860073,0.0258181988812,-0.0281186280518,-0.0101789177647
2017327000000,76.072259368,-0.436833561009,-1.98590907716,8.98858208945,-0.10749113918,0.0309993204466,0.00321287954799,-0.00398388301462,-0.0107211773652
2017394000000,76.7132486336,-0.442395597478,-1.99829282152,9.33303321464,-0.133938773952,-0.220694170079,-0.0102413782701,0.0234556241282,-0.0104060599691
2017462000000,77.2790616141,-0.449522034384,-2.01332655118,9.4700641681,0.00126923358974,-0.249584038216,-0.00146587956155,0.0213171912081,-0.00779067917606
2017532000000,77.9417528354,-0.455951756881,-2.03101471434,9.46279908469,-0.103956351399,-0.0709224115531,0.00681744101835,0.0185434286741,-0.00765846037178
2017604000000,78.6997967396,-0.462963889496,-2.04548017179,9.45819896435,-0.0630839257584,-0.229072456966,0.00244119112858,0.0188206585544,-0.00756861400819
2017683000000,79.3608418517,-0.467633173096,-2.0537222677,9.44592267894,-0.0684347930186,0.0860193422656,-0.00513157629294,0.0220537211373,-0.00632147636872
2017756000000,80.117555366,-0.472791140385,-2.07274679761,9.46005909693,-0.0675279855592,-0.238933910756,-0.00921126214507,0.0186888211668,-0.00542520358977
2017814000000,80.6839237341,-0.476088547064,-2.0854630533,9.41837358236,-0.0581140767507,-0.258956449487,-0.0055172428991,0.0174395519178,-0.00562118327315
2017896000000,81.4368318874,-0.481294507587,-2.10011667638,9.39889613017,-0.0616225683675,-0.279594965698,-0.00625420980692,0.0165312033944,-0.0060688297222
2017961000000,82.000461003,-0.485046186535,-2.11286081468,9.36704112325,-0.0634458603244,-0.116154686618,-0.00693741356411,0.0173292198522,-0.00579255877198
2018024000000,82.6568794798,-0.489426152344,-2.12141425942,9.36811731145,-0.0634959963195,-0.166140192765,-0.00740497394437,0.0178611597908,-0.0057728135726
2018085000000,83.2183130692,-0.493064789471,-2.12746977503,9.39381279399,-0.061665925304,-0.341309896133,-0.00635961513615,0.0192286480393,-0.00563592772777
2018166000000,83.9661685614,-0.497779930283,-2.13902634016,9.33315774357,-0.0700405627336,0.0649658555665,-0.00479474959844,0.0202227151962,-0.00544863254129
2018238000000,84.6199846382,-0.502003366267,-2.15499011247,9.33054129634,-0.0712294917167,-0.238441962736,-0.00437158855233,0.0199804006835,-0.0056091410181
2018297000000,85.1798821679,-0.50554909698,-2.1672283696,9.32449761558,-0.0572804511923,-0.238393218027,-0.00351519870369,0.0191713093817,-0.0054884933639
2018370000000,85.8315371587,-0.509657297879,-2.17789725724,9.29146846872,-0.0503675540222,-0.0683735224531,-0.00617729958577,0.020144939472,-0.00572676851465
2018434000000,86.4823967489,-0.513796499592,-2.19027312648,9.29241560281,-0.0608879517466,-0.27658880598,-0.00432316660707,0.0205921000558,-0.00549700678318
2018507000000,87.1329072126,-0.517956102425,-2.20506915154,9.24959492959,-0.056922939256,-0.21319135778,-0.00332721537576,0.0210819290971,-0.00559212599824
2018572000000,87.689915876,-0.521551151926,-2.21488177395,9.26640583577,-0.0526487136223,-0.0416814685532,-0.0044903780689,0.0211367914724,-0.00593567297552
2018639000000,88.3383344335,-0.525685583763,-2.22618571366,9.27033526668,-0.068454607247,-0.283506359997,-0.00483160423418,0.0223691794194,-0.00583714041131
2018707000000,88.9864676487,-0.529869882271,-2.24002132021,9.28128684429,-0.0610489308529,-0.156221798764,-0.00600849373572,0.0228483251888,-0.00584502161115
2018762000000,89.4495334309,-0.532866291603,-2.25095899511,9.24559044141,-0.060877118735,-0.20102698274,-0.00634415382824,0.0219421308168,-0.00575259007147
2018839000000,90.1887327934,-0.537632706384,-2.26784980256,9.18592908114,-0.0648977760222,-0.211045702317,-0.00678291275058,0.0225423003636,-0.00573943302844
2018912000000,90.8342962578,-0.54156258262,-2.27982455429,9.22464029637,-0.0585238823548,-0.229939132291,-0.00581424843449,0.0236285249912,-0.00558649077544
2018984000000,91.5720986859,-0.5460925753,-2.29663109156,9.21908559638,-0.064146947199,-0.267899671396,-0.00574806270012,0.0230731199597,-0.00566032595782
2019038000000,92.0332967568,-0.549104394247,-2.30834189699,9.24832942818,-0.0651455413539,-0.214718353663,-0.00624680727974,0.0216165323136,-0.00560394722166
2019103000000,92.5856482676,-0.55235246297,-2.31909641736,9.21183566937,-0.0741405444008,-0.329756029265,-0.00625798480382,0.0203788717919,-0.00558113116955
2019182000000,93.321613702,-0.557219486494,-2.33522290026,9.18357719619,-0.0547831044003,-0.174629260263,-0.007960904422,0.017605065421,-0.00553090312819
2019260000000,94.0561406116,-0.561839804443,-2.35476958338,9.14542863781,-0.0578631037989,-0.156218099168,-0.00629444591709,0.0165330834678,-0.00565549331223
2019314000000,94.6055431592,-0.56540714155,-2.36484789519,9.14576689906,-0.0633312140469,-0.140517276642,-0.00654824577267,0.0167179520782,-0.00556863860029
2019380000000,95.1537725258,-0.5685310741,-2.37095965986,9.13598351434,-0.0373239893684,-0.11860553786,-0.00639658818725,0.017941016351,-0.0055653152705
2019462000000,95.8842215804,-0.573318784763,-2.38278862905,9.05134958704,-0.0640384376055,-0.0959708804946,-0.00496691243769,0.0191404830854,-0.00572830012072
2019526000000,96.5223593173,-0.577689452523,-2.39288408043,9.10760932337,-0.0579245805618,-0.0849442629648,-0.00487280907669,0.0185924729466,-0.00547683056494
2019601000000,97.1590522286,-0.581744713132,-2.40455282793,9.06886179519,-0.0646804872073,-0.197206965347,-0.0065208332401,0.0192650110436,-0.0056197851831
2019654000000,97.7045079993,-0.585250729145,-2.41728817846,9.11991846307,-0.0595874915282,-0.220165921736,-0.00727344093402,0.0190775959186,-0.00553225585466
2019732000000,98.3397798742,-0.589244787739,-2.4300991659,9.07649206923,-0.0558561470113,-0.186003559271,-0.00709952740678,0.0199011317239,-0.00550205160627
2019796000000,98.9741860203,-0.593061076878,-2.43786372236,9.07901941776,-0.0541092712493,-0.142559614835,-0.00520674577321,0.0208155056285,-0.00534864487032
2019864000000,99.6077221364,-0.59700783315,-2.4505709166,8.99743111459,-0.0537500548245,-0.155935944217,-0.00522847532675,0.0226763720092,-0.00545203140135
2019912000000,99.9736179795,-0.598520079419,-2.45783099138,9.17462034861,-0.0719733222123,-0.312954727607,-0.00555051561252,0.0223065113887,-0.00563847595113
2019991000000,100.708168512,-0.603342052266,-2.47373055042,9.1817394335,-0.0492874080727,-0.195333856967,-0.00519682497223,0.0225950073015,-0.0054217229379
2020057000000,101.350137144,-0.607271292021,-2.48985582534,9.17175190875,-0.0592348655315,-0.208990226702,-0.00392174896762,0.0233748728602,-0.00541374170503
2020151000000,102.175012227,-0.61238943212,-2.50665177709,9.16676903433,-0.0556057704728,-0.21558647326,-0.00393046437573,0.0236004716693,-0.00538024645757
2020221000000,102.816317029,-0.616364090628,-2.52084889057,9.16136001067,-0.0618108160244,-0.257740756669,-0.00405184530127,0.0232838634741,-0.00524760135695
2020297000000,103.548634847,-0.620549321802,-2.5352280957,9.14577227193,-0.0569272961804,-0.260711918165,-0.0056060451201,0.0214494809556,-0.00529299635472
2020366000000,104.18939851,-0.624481892435,-2.55381631252,9.14358054047,-0.0556599694718,-0.265763166488,-0.00643405410691,0.0189274948493,-0.00521869589904
2020445000000,104.91904523,-0.628718128501,-2.57053805776,9.11106867651,-0.0603302239764,-0.178266475348,-0.00352052561302,0.0188436056776,-0.00523785885145
2020501000000,105.374138409,-0.63165806842,-2.57633475773,9.08908353842,-0.0627332725548,0.168960838647,-0.00422964871469,0.0193645686993,-0.00534593806345
2020563000000,105.920755162,-0.634903588564,-2.58835353149,9.12991957146,-0.0605751863509,-0.279449479233,-0.00576770044522,0.0171833962475,-0.0051247665582
2020635000000,106.646666127,-0.639124650823,-2.60134992636,9.06376802794,-0.054198447064,-0.142301836966,-0.00792095818756,0.0183983972828,-0.00526889503812
2020698000000,107.189938229,-0.642256578285,-2.60716024489,9.03949826636,-0.0543210488972,0.0815544931943,-0.00866717324425,0.0199788826476,-0.00522489327668
2020764000000,107.824698806,-0.646057783204,-2.62322548287,9.0685978356,-0.0534020136049,-0.280158275974,-0.00867768188157,0.0178564102514,-0.00507271451974
2020831000000,108.369826944,-0.649192309075,-2.63191120354,9.18987448319,-0.0554231290671,-0.165580004999,-0.00691119937705,0.018580026075,-0.00507492505271
2020891000000,108.920636961,-0.652466391213,-2.63997622042,9.11937315235,-0.0537509748453,-0.00178841293375,-0.00589671741935,0.019944244862,-0.00533538239165
2020966000000,109.654226353,-0.656920278123,-2.65501321327,9.15093441678,-0.0541328161174,-0.24239262289,-0.00652093252985,0.0192108083327,-0.00508427437608
2021028000000,110.203501804,-0.660227392215,-2.66603437461,9.15530992611,-0.045772004285,-0.264918093627,-0.00742537121727,0.0196133528607,-0.0051623000009
2021099000000,110.842981538,-0.66393500726,-2.67725453968,9.12207572487,-0.0625269255307,0.0075342867992,-0.00856739343874,0.0218165214115,-0.00489601528829
2021170000000,111.482030733,-0.667750415432,-2.68788243985,9.13256303419,-0.0617917569905,-0.0829393099764,-0.00659553384327,0.0220860248306,-0.00487366205314
2021236000000,112.120149927,-0.671508159389,-2.70009664491,9.11619481657,-0.0531054083953,-0.29341458333,-0.00411368437662,0.0229092105902,-0.00500894762295
2021301000000,112.667205845,-0.674861879179,-2.71147029777,9.09744288595,-0.0562526405234,-0.163028507947,-0.00523921323858,0.0220604625252,-0.00517926335204
2021364000000,113.304337986,-0.678441648728,-2.72729816272,9.10265249628,-0.0482180552152,-0.227066725521,-0.00517434441602,0.0220654472705,-0.00516179079289
2021444000000,114.032030127,-0.682913208408,-2.74430172275,9.09118231578,-0.0543302635151,-0.182737061087,-0.003996494962,0.0215501969469,-0.00524180960137
2021509000000,114.576818158,-0.68624249915,-2.75110313515,9.05112158864,-0.066252209199,0.133357162676,-0.002886289988,0.0222208648077,-0.00501815456698
2021570000000,115.121740104,-0.68943875754,-2.76535907791,9.0889322215,-0.0499719522847,-0.264838623826,-0.0027321851672,0.0211942789381,-0.00521816366261
2021639000000,115.75699685,-0.693142960154,-2.78097699103,9.05639707278,-0.054666623345,-0.329036851316,-0.00324972105841,0.0199598933956,-0.00492567535194
2021708000000,116.39280629,-0.696896645087,-2.79255310329,9.05606675749,-0.0763597967577,0.553495482091,0.00183440127431,0.0127261468076,-0.005461232124
2021780000000,117.026530046,-0.7016368805,-2.7900827826,9.05216594488,-0.0585058775128,-0.371873262549,0.0114829211403,-0.00328769958991,-0.00709749452573
2021841000000,117.566157672,-0.707123727722,-2.80150682125,8.97802973349,-0.0727909982694,-0.234958465084,0.0165880849871,-0.000548950455174,-0.00793112971388
2021926000000,118.396440565,-0.716194997634,-2.80865300413,9.26020653106,-0.130334045007,0.21754857036,0.021261588022,-0.00151934814223,-0.0131842476288
2022002000000,119.043012732,-0.725903326731,-2.82582649011,9.13286921231,-0.181932772466,-0.167110585739,0.023914368858,0.00284595105964,-0.0184520419908
2022057000000,119.599307852,-0.739053489909,-2.81850244694,9.29228025147,-0.199768323501,0.353708011611,0.0334740980435,-0.0241947117855,-0.0192533785102
2022146000000,120.427426916,-0.752354694243,-2.81707445507,9.07688940418,-0.103432795057,0.00914818727449,0.0535216542334,-0.0638504245199,-0.0152735086606
2022200000000,120.877652255,-0.757748029647,-2.81526142597,8.9467837121,-0.0928946141845,-0.0522698300523,0.0624725244809,-0.0676327688976,-0.0138538920101
2022258000000,121.40920199,-0.763629795236,-2.8170270932,8.84041889916,-0.101062134838,-0.309627135253,0.0711933228204,-0.056275281153,-0.0120436435254
2022347000000,122.192104496,-0.770754601729,-2.83350825595,8.77752883769,-0.0609249164726,-0.200463681726,0.0812484142749,-0.0101404870079,-0.0097380147653
2022401000000,122.635818128,-0.777710383122,-2.78438948649,8.86270471775,-0.317042327556,1.49253294447,0.101720158635,0.0142653908767,-0.00571207444641
2022477000000,123.39649609,-0.794048615549,-2.81115058967,9.67918546653,-0.226294735626,-0.191641567261,0.134014847271,-0.0239537506718,-0.00657382739143
2022538000000,123.977696399,-0.799290861867,-2.80361888555,9.60589851449,-0.19988127298,0.300478710596,0.136404475955,-0.0594725160806,-0.0168028020293
2022594000000,124.552574133,-0.80752472476,-2.81527739408,9.48240201819,-0.153947421021,-0.184480128351,0.13656434527,-0.080716902951,-0.0250145499183
2022688000000,125.392253878,-0.823447206936,-2.8286183295,9.19924617267,-0.225309565561,-0.217844046744,0.132182120031,-0.0751170132033,-0.0348707575449
2022739000000,125.8476893,-0.835921682639,-2.84119050333,8.69197971648,-0.270776952391,-0.210386296666,0.127111866337,-0.0525050071496,-0.0380446013919
2022808000000,126.473899126,-0.866967008913,-2.76140797536,9.03749178635,-0.584768713114,0.996024112324,0.0846654762208,-0.00100132794339,-0.0355452242077
2022878000000,127.106928686,-0.896551210562,-2.70194785831,9.12922436535,-0.372959375011,0.393207698769,0.0291460490275,0.0389390100933,-0.0293136296446
2022949000000,127.764955827,-0.920349011168,-2.74310413853,9.66622427584,-0.28406473869,-1.54769151808,-0.0257325120673,0.0312964723924,-0.019011463544
2023020000000,128.437864646,-0.931015414655,-2.76585145755,9.6040116071,-0.156569459365,-0.340412340174,-0.0531379837089,0.0212919922129,-0.0077808211275
2023077000000,129.013216355,-0.932796722637,-2.77249552419,9.59319044576,-0.0652312260522,-0.150443492251,-0.0625496246321,0.0206182279668,-0.00455744072108
2023149000000,129.683380798,-0.936993383861,-2.78169903729,9.53157443931,-0.0721279409066,-0.0979710412324,-0.0627659437444,0.0196388207229,-0.0090740044256
2023228000000,130.447439767,-0.942825784046,-2.80963544357,9.54138262791,-0.0435413076201,-0.264304415835,-0.0444631457559,0.0229778186507,-0.00400317463469
2023302000000,131.118906876,-0.94591332273,-2.85492368492,9.61654488406,-0.0281316013107,-0.869403166972,-0.0147597763429,0.0174714027521,-0.00218270159384
2023377000000,131.883328573,-0.949633406359,-2.86353479124,9.5434174559,-0.0611016395136,-0.0880780144221,0.00641536131372,0.0162874581583,-0.00341301219418
2023446000000,132.550482938,-0.953310290227,-2.87401992779,9.52724739532,-0.0426699523527,-0.317447669728,0.00860702728299,0.0178516487387,-0.00290169528897
2023503000000,133.027098588,-0.954730381365,-2.89024992041,9.44582779497,-0.0374097525857,-0.369902723915,0.00228014596058,0.0178928628186,-0.00239942778617
2023584000000,133.882559142,-0.957036302787,-2.90775533005,9.501887168,-0.0296517785539,-0.182614886284,-0.0126554085588,0.0187731552685,-0.000986558605343
2023650000000,134.450766353,-0.956791224351,-2.91591973128,9.48391047321,-0.0219218986963,-0.196377843316,-0.00936333244352,0.0218152375511,-0.000596178412892
2023708000000,135.019286294,-0.958535943988,-2.92622138354,9.4704216857,-0.0396634614122,0.146494609692,-0.00817274918341,0.0219467812238,-0.0028491160929
2023768000000,135.587337764,-0.961087377301,-2.9401615721,9.48019696985,-0.032070400319,-0.311695923849,-0.00764643119196,0.0212823839219,-0.00303332018876
2023836000000,136.249154599,-0.962749294722,-2.95616649304,9.42787562954,-0.00922410266187,-0.166993779507,-0.00915146071091,0.0211052295853,-0.00151770001467
2023915000000,137.003107559,-0.964311420539,-2.96801635683,9.42758524187,-0.0279702808365,-0.133348945354,-0.00590121045439,0.0227404362044,-0.00139773365451
2023995000000,137.757231188,-0.965910613099,-2.98458190341,9.40588591765,0.00352906276587,-0.0847776728862,-0.00654002130287,0.0222646866498,-0.00148780844513
2024041000000,138.1334733,-0.96630780705,-2.99313834427,9.40739215495,-0.0320894170763,-0.255134097355,-0.00602848000601,0.0226111544701,-0.00123752128048
2024106000000,138.791773576,-0.967752564861,-3.00735720869,9.39958938053,-0.0239623103191,-0.146082719297,-0.00513305436621,0.0222325960412,-0.00122185680635
2024183000000,139.450257728,-0.969063705474,-3.02368031258,9.40714003964,-0.0162504528138,-0.211333476256,-0.00589450544595,0.020004310274,-0.00110555256534
2024243000000,140.013003836,-0.970004182762,-3.03548032374,9.37513598444,-0.0224136865705,-0.26296510664,-0.0060764648489,0.0199059490512,-0.000936189790762
2024313000000,140.668782658,-0.971259660998,-3.04819180279,9.35776129057,-0.00619637409002,-0.0563915887497,-0.00658480527281,0.0206309141046,-0.00104832764574
2024383000000,141.32459342,-0.972204826159,-3.06445898886,9.38514678021,-0.0112708131729,-0.291430807047,-0.00458684916512,0.01934723339,-0.000956278544468
2024431000000,141.791950052,-0.973169880104,-3.07340499428,9.35194873221,-0.00873948204834,-0.280717748405,-0.00347714958034,0.0197592558078,-0.000875484927273
2024511000000,142.538932686,-0.974275490391,-3.08337439159,9.35871744788,-0.0116251320977,-0.200981903089,-0.00546108219942,0.0200287440826,-0.00101248301481
2024573000000,143.098941736,-0.975274104661,-3.09829266101,9.29303163835,-0.0193743624503,-0.236198678902,-0.00574176396294,0.0194810153437,-0.000801772088771
2024658000000,143.937656896,-0.976819676581,-3.11443994431,9.29836083467,-0.0242642031292,-0.219138867549,-0.00585750578582,0.0180675100473,-0.000900383028979
2024723000000,144.494658261,-0.97770202357,-3.12139219207,9.30970541317,-0.0160912564426,-0.158662960326,-0.00587451951621,0.0204546013381,-0.00079270298858
2024780000000,145.052723131,-0.978682156321,-3.13735905424,9.28914056025,-0.0214025676189,-0.195334427677,-0.00643055228151,0.0198654167597,-0.000828788224635
2024842000000,145.609344334,-0.979463891484,-3.14497882955,9.27402758782,-0.0256523126275,-0.167521480602,-0.00588405614306,0.0197634420624,-0.000684974774006
2024922000000,146.350379149,-0.980751147289,-3.15604084189,9.24883447992,-0.0148950281297,-0.107323660495,-0.00226249498669,0.0198419482264,-0.000873439349157
2024991000000,146.998927278,-0.981701003657,-3.16959180857,9.21042087807,-0.0152519372992,-0.2547026226,-0.00389727136817,0.017332542289,-0.000767303924655
2025060000000,147.65139952,-0.98297878186,-3.1877940157,9.45412565819,-0.0488116004483,-0.215081112025,-0.0033078259722,-0.00137072356137,-0.000945420875559
2025128000000,148.305259168,-0.98511285003,-3.18116002297,9.30681990707,-0.0266303314191,-0.189617432125,0.00167202715779,-0.0399592844587,-0.00258965390179
2025204000000,149.041577694,-0.988036853128,-3.19644988816,9.06632443696,-0.0452735002565,-0.069439381471,0.00467771612952,-0.0608484785099,-0.00428337567308
2025278000000,149.671325217,-0.991867485447,-3.20746485108,9.03706478144,-0.0631543417194,-0.24993715243,0.00296627713374,-0.0509431639117,-0.00560328845874
2025317000000,150.042054336,-0.99347024272,-3.21618520283,9.33029762026,-0.0653141985365,-0.0477875350418,0.00469286023272,-0.047711898221,-0.00613795812743
2025389000000,150.687582735,-0.997420268143,-3.17176649526,9.10750138871,0.0479876333948,2.11118060738,0.0186057108326,-0.0387691573987,-0.00426234142744
2025499000000,151.681156472,-1.00825601195,-3.04527412452,9.04475667365,-0.112531564148,0.617070986516,0.0514656042479,0.00102298637118,0.00159997279074
2025559000000,152.238080599,-1.01751959376,-3.0503123578,9.41866364983,-0.145419813025,-0.57552058424,0.0660636297672,-0.00152872232943,0.00485149239692
2025626000000,152.899443034,-1.02776043816,-3.12764972781,9.53231298827,-0.132140969371,-1.64890689313,0.0793720805046,-0.0273727598489,0.00640402740474
2025688000000,153.439781196,-1.02877808022,-3.04600514346,9.01447492146,-0.248045002169,1.40966040233,0.0620525308898,0.0134527351145,0.0065364615542
2025772000000,154.169043988,-1.03730990094,-2.95865248649,9.19711880538,-0.0471763254874,0.413063516769,0.0267819007763,0.0561653032432,0.00705561373594
2025844000000,154.918306576,-1.04051391906,-2.98247682947,9.69812569291,0.0847729772276,-1.46868290652,-0.0113241716776,0.0585882156691,0.00783703848409
2025901000000,155.404544873,-1.03918326813,-3.06763630144,9.7668901528,-0.0168866154012,-2.12551633798,-0.0316783614862,0.0270195112077,0.00844921455326
2025979000000,156.149556104,-1.03323618679,-3.10860280761,9.14184427448,0.130064624148,-0.187615236467,-0.0309153511646,0.0193374234681,0.0120506886965
2026035000000,156.688197332,-1.02681493569,-3.12714975276,8.8568694565,0.0756103319647,-0.517430911464,-0.0162667628787,0.021243162377,0.0143682765494
2026100000000,157.211462711,-1.02166014935,-3.14809719449,8.51645332327,0.0603224896517,0.0946743116297,0.000136729790613,0.0206589590332,0.00975703052026
2026169000000,157.801840422,-1.01729352454,-3.15634754647,8.29575969052,0.0446552362005,-0.259676022705,0.00332890555168,0.0205481449916,0.00566626477926
2026238000000,158.368141356,-1.01532979655,-3.16893837146,7.9296619564,0.0314362715991,-0.30376441524,-0.00206525661778,0.0182052135853,0.00326515289334
2026307000000,158.906891856,-1.01436705333,-3.17574134274,7.53397758845,-0.00213510812902,0.36099354465,0.0037801781735,-0.000902734955166,0.00347500858643
2026387000000,159.49680445,-1.01272477411,-3.1649899432,7.33866862479,0.0200210264198,-0.147281220163,0.0194847525967,-0.0255851498278,0.00215250711618
2026435000000,159.856761538,-1.01166665502,-3.16992190742,7.07383197191,0.00376071663591,-0.0639044466808,0.0279598378526,-0.0287359990091,0.000589169293488
2026488000000,160.206023023,-1.01177329868,-3.17355931876,7.07263328551,-0.00715905300374,-0.291101142112,0.0352126616841,-0.0205985899658,-0.00149901973157
2026583000000,160.820829047,-1.01442112498,-3.16186435443,6.63674123022,-0.0114078284824,0.0381962780615,0.0594963880211,-0.0443855938625,-0.00678098662593
2026642000000,161.210862797,-1.01710482197,-3.15548829713,6.37511889048,-0.0349585856158,-0.0162985117109,0.0732475707586,-0.0364045813697,-0.010818370179
2026700000000,161.595467166,-1.02222921337,-3.16701635423,6.37262705026,-0.0595986979277,0.130078741309,0.0707008055886,-0.0430902295938,-0.0164621669002
2026766000000,162.026465854,-1.02641320251,-3.17695520256,5.64784856673,-0.136492098206,1.23725495607,0.0500915999754,-0.0582117095272,-0.0192486218132
2026833000000,162.366905131,-1.03391249789,-3.13894084401,5.85920990783,-0.119819885848,-0.173414114493,0.0357837026039,-0.0344599934261,-0.0180541716277
2026894000000,162.766860208,-1.03911660134,-3.1473734133,5.52967317933,-0.054066254104,0.392265977773,0.0168147794333,-0.0301763185034,-0.0126066173217
2026956000000,163.081815146,-1.04319977613,-3.10001089791,5.06270297175,-0.044022666629,1.50247867639,0.00167958541901,-0.00430262737507,-0.00846138207145
2027039000000,163.479828015,-1.04688449068,-3.02515472451,4.98225537764,-0.0705329648857,0.384597837189,-0.0088855770018,0.0241281948347,-0.00443822472681
2027101000000,163.7779047,-1.05291341832,-3.02494384078,4.95928020867,-0.113416168462,-0.43058837126,-0.0116322210328,0.0257732340195,0.00106713279231
2027164000000,164.119120794,-1.05864408565,-3.06291218683,4.6881093274,0.201792442912,-0.0373478760024,-0.00699852422446,0.016644887519,0.00666305824117
2027240000000,164.438058044,-1.05595996537,-3.07872974873,4.45092468398,0.0213620595713,-0.151756288142,0.00696846840584,0.0129941627657,0.00695316463281
2027293000000,164.648494811,-1.05551157808,-3.06123971298,4.04059601757,-0.0151340052431,0.74461499926,0.00958225977147,0.0175701663631,0.00485278233601
2027370000000,164.970575702,-1.05131836133,-3.063727705,4.01482708991,0.0936287758524,-0.565348298718,0.00210070204506,0.0215369332364,0.00022176588779
2027451000000,165.268237484,-1.04979707009,-3.07993365969,3.41209699595,0.0178657670973,0.00421779642942,-0.00555884432325,0.0204011380574,-0.000379155456887
2027502000000,165.429664955,-1.04979349445,-3.08212290699,3.05637996921,0.00362986230943,-0.0258944486768,-0.00600553142642,0.0205083443601,0.000378362105176
2027573000000,165.642094949,-1.05022888519,-3.08320736245,2.99523862664,-0.00840215702426,-0.154261890098,-0.00661342980286,0.0208529755898,0.000993181529869
2027639000000,165.854386339,-1.05048527974,-3.09054567685,3.09777697316,0.0290001471825,-0.0722390635534,-0.00466392996015,0.0200543581058,0.0018748726814
2027726000000,166.128217055,-1.04962797113,-3.09603443796,2.96364050506,0.00897842554201,-0.0850673679563,-0.00401946897003,0.0192064982167,0.00218404614489
2027803000000,166.339802208,-1.04942005913,-3.10068891855,3.06845195441,0.00159543331596,-0.0757564484852,-0.00382168738314,0.0183523413759,0.00265591432711
2027864000000,166.550461537,-1.04880508659,-3.10214961682,3.01345894936,-0.0309897536994,-0.0664015518428,-0.00187204574021,0.0189037004269,0.00313048882418
2027933000000,166.73109579,-1.04863106674,-3.10915929221,3.02636572501,-0.0189911156438,-0.186407121067,-0.00336007914632,0.0183565684647,0.00328020119295
2028007000000,166.972183893,-1.04754040137,-3.11295393812,3.03931955382,0.0251133136291,-0.0564701212957,-0.00169422742494,0.0188133775237,0.00388528662056
2028071000000,167.152492007,-1.04710986697,-3.11638242925,3.0121202058,0.0138411885722,-0.0572678906883,-0.000868000642605,0.0191553026554,0.00410194745733
2028130000000,167.333744662,-1.04659693181,-3.1184228008,3.02117617523,0.0307386383761,-0.101385588294,-0.00152011834603,0.0189564667412,0.00416316406446
2028206000000,167.575757337,-1.04538587206,-3.12421348525,2.98485935839,0.00971304990295,0.0525410487399,0.000369424473084,0.0195601919553,0.00452168781138
2028270000000,167.756316865,-1.04479529679,-3.12580468526,2.97427975132,-0.0023130412084,-0.0571659294566,0.00140921683965,0.019488647155,0.00464175473314
2028346000000,167.996475601,-1.0440861969,-3.13022427508,2.99996089538,0.00793043994832,-0.0397239687446,0.00125558439045,0.0190042278476,0.00508375749957
2028398000000,168.148445585,-1.04361830844,-3.13127782202,3.07810301002,0.0147841053698,0.0647494912577,0.00141548518653,0.0165649225805,0.00509247145374
2028461000000,168.327849819,-1.04332417608,-3.13138596832,2.95285995562,0.00208464265914,0.253555493325,0.00455280848463,0.0028460785008,0.0045372984023
2028520000000,168.507087585,-1.04300196524,-3.13447796761,3.06116622639,-0.0189201279564,0.188335251528,0.00741915966373,-0.00782274956285,0.00413594947802
2028611000000,168.776538441,-1.04259377382,-3.12991649128,2.95192233891,-0.00823940806097,0.027641251518,0.0125048469176,-0.0259541195512,0.00322362200793
2028677000000,168.985457172,-1.04252578143,-3.12731127965,2.96062176504,0.00846191414051,0.105321634542,0.0168020676991,-0.0387170674535,0.00233591064296
2028737000000,169.162372487,-1.04202692455,-3.13148172278,2.9795097509,0.0248596948458,0.0939173947405,0.018410266051,-0.0393246405799,0.00127696988991
2028815000000,169.401582964,-1.04189775951,-3.13195510753,2.97370315235,0.0171562420605,-0.435574728153,0.0211180087601,-0.0382076497537,0.00267630046718
2028872000000,169.551248171,-1.04128772871,-3.133873867,3.02713654755,0.00797130965429,-0.1338145637,0.0232329971529,-0.0371823184293,0.00332993000887
2028940000000,169.761702402,-1.0405105944,-3.13697714096,3.01271890321,0.015954288292,-0.205451914882,0.0264053378606,-0.0362953645911,0.00368318875156
2029005000000,169.969868943,-1.03947177685,-3.13815206429,2.95942521011,0.0126114169012,-0.0132601678455,0.0307406035369,-0.0339356127553,0.00475774684272
2029078000000,170.181732429,-1.03894093709,-3.14010913817,3.13974471287,-0.0430092779825,-0.0916153126136,0.0348088660096,-0.0325359636032,0.00560642296093
2029154000000,170.424298186,-1.0393241163,-3.14759643387,2.98229461407,0.0361131403759,-0.092978428791,0.0317513901798,-0.0346679595702,0.0048155165501
2029221000000,170.604640917,-1.03786140828,-3.15595720004,2.99305256653,0.0232130441858,-0.125779926573,0.0272834678504,-0.0378364650564,0.00596851356228
2029275000000,170.786195231,-1.03632810796,-3.16413983072,3.01526726495,0.0269796363985,-0.19621741429,0.0201610117039,-0.041166220301,0.0060445451126
2029335000000,170.966959255,-1.03478696815,-3.17815166822,3.06108218262,0.0453656696186,-0.298734072426,0.00502573084197,-0.0503251411673,0.0051268294028
2029409000000,171.174702428,-1.03391635079,-3.14561662427,2.93229786776,-0.0552557661489,0.82761166524,-0.00876375233446,-0.040784082847,0.00468038678179
2029474000000,171.383601881,-1.03420121354,-3.10801043801,2.99471054982,-0.0059820769742,0.662549405649,-0.00537528664635,-0.0232971763012,0.00709908304531
2029544000000,171.593841518,-1.03357506932,-3.06717079234,3.00967736035,0.0153022457636,0.565942608955,-0.00022651545707,-0.00928512686099,0.00680219453575
2029604000000,171.773124178,-1.03384716236,-3.0338553259,2.96405508891,0.0018476472389,0.55800484365,0.00455296365834,0.00203855683322,0.00732116239878
2029663000000,171.923109932,-1.0333666996,-3.00807520465,2.99351824484,0.0209139347518,0.171843630181,0.0089773389012,0.00925206835888,0.00814436150096
2029742000000,172.164145687,-1.03171947381,-3.01471851811,3.06863118069,0.00953319650313,-0.072007733356,0.0130631768912,0.0080496828748,0.00826744814276
2029808000000,172.375717661,-1.03024950618,-3.02121243332,2.9992270537,0.03337093384,0.0183845752557,0.016068429568,0.00663750136212,0.00868014206991
2029894000000,172.646606966,-1.0279330282,-3.02727773193,2.97511169313,0.0252668119204,-0.06579044743,0.019047084117,0.00418830194272,0.00877981753565
2029973000000,172.856458415,-1.02622103658,-3.03033064376,3.00583385404,0.0205299581052,-0.0741692121105,0.0211709541674,0.0019469821058,0.00953778592693
2030033000000,173.037639509,-1.02477784493,-3.03744341326,3.03033119105,0.0512775655657,-0.0062017300311,0.0232931598018,0.00137771417617,0.0100967828161
2030094000000,173.248919853,-1.02254222868,-3.04207664281,2.95613182877,0.0243174451412,-0.310948049172,0.0247727189234,0.000726091607214,0.00955836841422
2030167000000,173.460036384,-1.02073870485,-3.04666129565,3.01963286785,0.0300389735768,-0.046107685582,0.0257612254367,0.000922838495484,0.00911466960302
2030243000000,173.678643525,-1.02121807919,-3.05000139848,3.47056915064,-0.158973600355,-0.0802749149628,0.0258429553187,0.00169148028043,0.0110072340246
2030297000000,173.892669681,-1.02060552804,-3.02606805772,3.60680997519,0.0452229635295,0.55283979222,0.0125992588333,0.0132982657442,0.0109886560753
2030366000000,174.163263385,-1.01479969805,-3.03710371983,4.3730224331,0.287693562003,-0.546243909225,-0.0104565766964,0.0172009148626,0.00597462013282
2030438000000,174.478249516,-1.01433905413,-3.03630529697,4.58524983269,-0.0113202417332,-0.0668387321532,-0.0144329131108,0.017388947004,0.00301564996708
2030494000000,174.75710551,-1.01569485057,-3.04759839865,5.09761159611,-0.159278255399,-0.0854109415987,-0.0068265552119,0.0180203268579,0.00391793988762
2030566000000,175.144919661,-1.01707624105,-3.05186309426,6.04252020779,-0.0263515014176,-0.127570855307,-0.00374937216494,0.0180199124121,0.00394980382527
2030630000000,175.5349083,-1.01633026548,-3.05700165406,6.9405498103,-0.0514492995663,-0.12676942725,-0.00385004300361,0.0191527749009,0.00105863602912
2030694000000,176.043501233,-1.01687690694,-3.06670975668,7.59303289275,0.0296908575975,-0.22534814744,-0.00649465215063,0.0174727832997,-0.00326518653231
2030768000000,176.59254183,-1.01923589855,-3.076141838,8.24892818598,-0.0457016297662,-0.153453597752,-0.00523654992434,0.0193534764379,-0.00389728839964
2030831000000,177.111316471,-1.02330535947,-3.08632049731,9.06433910627,-0.0491851602866,-0.262591613783,-0.00362041164151,0.018536709065,-0.00230613010912
2030890000000,177.662042328,-1.02508406261,-3.09594129768,9.19161737571,-0.0557909747279,-0.110882420905,-0.00437332674765,0.0186351633287,-0.0043879610257
2030964000000,178.395617418,-1.02980908396,-3.11067824357,9.17082008231,-0.066060546456,-0.209792548889,-0.00350975828605,0.0197701721821,-0.00627510653891
2031043000000,179.03700233,-1.03360587863,-3.12138062172,9.15611717426,-0.0786271290284,-0.255721430678,-0.00210330066279,0.0197577328297,-0.00720819904001
2031094000000,179.588538084,-1.03834788732,-3.13357337132,9.40562128898,-0.0810749235677,-0.263485011387,0.00150398066314,0.0120193795557,-0.00740713613398
2031165000000,180.237009133,-1.0438686817,-3.12828589048,9.19599874343,-0.110447919566,0.309416444505,0.013189144639,-0.0281004281534,-0.00807667356354
2031234000000,180.878874243,-1.0509759102,-3.1196634373,9.1426419534,-0.0951342500896,-0.20906879816,0.0235636114818,-0.0617247720535,-0.0117662950562
2031310000000,181.511493594,-1.05905773297,-3.1293132772,9.01639674376,-0.143608619408,-0.128152475273,0.0313742479685,-0.0761785162435,-0.0150498203154
2031370000000,182.050840343,-1.06726694042,-3.1401451652,8.98783988205,-0.174865812274,-0.362608736626,0.0339010374381,-0.0728481606522,-0.016815166862
2031449000000,182.768106506,-1.07994308523,-3.15039336222,9.10472236764,-0.129956910806,1.65015166233,0.0293121313594,-0.040578973718,-0.0178052246433
2031503000000,183.216879254,-1.08928384882,-3.04490576874,8.99531412776,-0.11628023676,1.98147553371,0.0227774556367,-0.00932786489058,-0.0133436555864
2031574000000,183.947403775,-1.10077251562,-2.92622936545,9.2345841164,-0.147277674239,0.857094293498,0.0126987983153,0.0364299834212,-0.0108258466144
2031644000000,184.599380375,-1.11128260291,-2.90486779335,9.37451838794,-0.154872097145,-0.230903641528,-5.38537011865e-05,0.0501801555872,-0.00922680876663
2031715000000,185.268497471,-1.12021266605,-2.96663866716,9.76631403206,-0.0404660366663,-1.5452936745,-0.0152344744947,0.0339273751759,-0.00850045480386
2031784000000,185.944123952,-1.126084353,-3.02646891887,9.56790188068,-0.174878033781,-0.649027035603,-0.0141683312889,0.0169521068536,-0.00609547802095
2031846000000,186.523530521,-1.12949579593,-3.0400664284,9.68755883884,-0.0338521696642,-0.250740732814,-0.00254291857991,0.0187389542461,-0.00435674455907
2031910000000,187.10448736,-1.13361540019,-3.04735997155,9.6985192499,-0.0785609163893,-0.00564586681579,-0.00266504614312,0.0209599931105,-0.00696453535237
2031981000000,187.783099718,-1.13906591197,-3.0639817941,9.69874407281,-0.0978737871456,-0.266360549441,-0.00539833277174,0.0201905584418,-0.00768739791466
2032056000000,188.556736687,-1.14573760088,-3.07915930047,9.68181162737,-0.0897368304486,-0.235538968037,-0.00872808473406,0.0195877748704,-0.00802953729574
2032117000000,189.136154077,-1.15041169402,-3.08984421841,9.64632890299,-0.0738385076398,-0.203559112692,-0.00557404904308,0.0193197477824,-0.00734445850871
2032200000000,189.907500324,-1.15698335247,-3.10573759123,9.62137600049,-0.0779035225565,-0.195137107974,-0.00483670289199,0.0193929477556,-0.00802400435698
2032257000000,190.485087586,-1.16205466224,-3.11797399256,9.62269629695,-0.081478423559,-0.237221717439,-0.00388439357317,0.0194995153807,-0.0081751720552
2032341000000,191.254192138,-1.16905310687,-3.13344042339,9.60637434264,-0.090041902657,-0.219135590002,-0.00475908836438,0.0200382243861,-0.00813171431907
2032390000000,191.733851131,-1.17304023248,-3.13933616225,9.58493097822,-0.0682136457391,0.0621408979046,-0.00574296634831,0.021247716028,-0.00838764279734
2032479000000,192.596997054,-1.1809253946,-3.15763391996,9.56539614743,-0.0829467508137,-0.0643052113639,-0.00638976709415,0.0224535092214,-0.00846588653695
2032530000000,193.076015144,-1.18524136162,-3.16731567251,9.60143012932,-0.0884157679048,-0.231557314265,-0.00605743745192,0.0224461408664,-0.00839384735585
2032600000000,193.746309156,-1.19144289096,-3.18251141352,9.55201758447,-0.0928349999202,-0.224534006569,-0.00686609723595,0.0223590053329,-0.00840667401909
2032669000000,194.416021063,-1.19760483571,-3.19840847887,9.49475171274,-0.0778451227664,-0.0587960399898,-0.00601255353142,0.0230936348816,-0.00811897833184
2032733000000,194.989056758,-1.20292899442,-3.20797475905,9.55781954028,-0.0864288739638,-0.253387870927,-0.00410075316556,0.0231189478553,-0.00804722726768
2032803000000,195.65748799,-1.20881914473,-3.22381473404,9.54541209109,-0.0735208734628,-0.292321613559,-0.00503381927422,0.0227119923342,-0.00808084617329
2032865000000,196.32549616,-1.21472631983,-3.23870345451,9.55519111414,-0.09194542933,-0.271175989038,-0.00735818131781,0.0215078863796,-0.00827744824327
2032929000000,196.897414252,-1.21986445118,-3.25146193674,9.5379274964,-0.0872760071786,-0.208694643382,-0.00863637081131,0.0206210545519,-0.00812277359226
2033013000000,197.659196797,-1.22687851799,-3.26791570399,9.54624154584,-0.0824232065817,-0.353966795969,-0.00584945437438,0.0190310386351,-0.00811284574001
2033091000000,198.419620403,-1.23355744515,-3.28377649381,9.4835706206,-0.0664143494653,-0.159894561564,-0.00565792196012,0.0172222807619,-0.00859982986279
2033139000000,198.893707359,-1.23807622237,-3.29309138083,9.49987521815,-0.077989466726,-0.152032470324,-0.00525246518386,0.0173317373265,-0.00847697517193
2033212000000,199.556276606,-1.24440848027,-3.30593107172,9.45554160731,-0.077823697846,-0.232468237882,-0.00761956237145,0.0180879009521,-0.00858393567182
2033276000000,200.217635554,-1.25006397303,-3.31257676559,9.46557762027,-0.0757550948139,-0.192185240592,-0.00913526439707,0.0186567554972,-0.00780300716165
2033349000000,200.878700669,-1.25574017036,-3.32752642225,9.45674321465,-0.0861517178944,-0.149124680005,-0.00846209179289,0.0188497874359,-0.00788678991335
2033404000000,201.443979436,-1.26072264631,-3.33709753321,9.42039643855,-0.0845420055655,-0.189503272024,-0.00514439476458,0.0197634747759,-0.0079536466295
2033486000000,202.196991984,-1.26733201233,-3.34999913985,9.40751577072,-0.0863261452316,-0.241817878928,-0.00202900118035,0.0201220851834,-0.00812512296243
2033562000000,202.858536782,-1.2733637283,-3.35950765805,9.70177197751,-0.0788396551258,-0.190046795347,0.00151306379119,0.00901219493153,-0.0076023716401
2033612000000,203.335756066,-1.27705249305,-3.36142995409,9.55161901816,-0.0824926583194,-0.19799328776,0.00744860102785,-0.0213402403664,-0.00777615551393
2033679000000,203.999104095,-1.28516515251,-3.35967444607,9.41654909775,-0.117996927806,-0.0968422813268,0.0131165009619,-0.058645888684,-0.0140048080518
2033749000000,204.652269213,-1.29634322717,-3.37216918863,9.19086272683,-0.167970850463,-0.201265377467,0.0159531683634,-0.0760883626612,-0.0197311460425
2033819000000,205.290917164,-1.31066320646,-3.3877929753,9.03170255064,-0.224643179262,-0.277429937626,0.0152856817611,-0.069237048053,-0.02470244617
2033889000000,205.921145386,-1.32890263036,-3.36947886119,9.00633025664,-0.222023238271,2.96939854981,0.00617069866008,-0.0375788532536,-0.0259680381696
2033961000000,206.553763,-1.34235620134,-3.23775515132,9.22549970551,-0.102425112713,1.76302509214,-0.00360599363426,0.0116699389742,-0.0182408799049
2034028000000,207.206366804,-1.35070643081,-3.15047588674,9.40569858349,-0.118521494847,0.699628928945,-0.00818009975948,0.0459596866409,-0.0147574454268
2034085000000,207.775503885,-1.35739497481,-3.139328738,9.54080358255,-0.107620058288,-0.249792983051,-0.0098058503601,0.0523464811378,-0.0126477003817
2034146000000,208.352259391,-1.3634186378,-3.18570324371,9.65558497584,-0.0959985769919,-1.14497002884,-0.00897161780139,0.0395052468199,-0.0113205528491
2034226000000,209.125211063,-1.37144022746,-3.26379357323,9.61895507602,-0.0905140429887,0.128285475791,-0.00617180529704,0.0193745752198,-0.010047350384
2034298000000,209.797417393,-1.37808651248,-3.27750455031,9.61097848806,-0.114588406932,-0.321015091579,-0.00558962566447,0.0189345691181,-0.00964107915794
2034373000000,210.468244168,-1.38469551506,-3.29066562115,9.57085703265,-0.0849153720563,-0.180491026533,-0.00653535415309,0.0182147860396,-0.00910232017446
2034443000000,211.138074813,-1.39122431438,-3.30342762935,9.5870279806,-0.0972694712935,-0.170282847301,-0.00392805309411,0.0177989516997,-0.00857154486462
2034512000000,211.806629048,-1.39763842864,-3.31618727258,9.54638738079,-0.0886890975559,-0.149242330075,-0.0062271726245,0.018366953507,-0.00863709666283
2034578000000,212.47460558,-1.4031802483,-3.32847833388,9.52991336441,-0.0879476047902,-0.241350125951,-0.00952290434163,0.0175074686359,-0.00776586799594
2034664000000,213.330575437,-1.41048508283,-3.34171228044,9.50467909354,-0.0775729735823,-0.461310938456,-0.00646440400544,0.0183910554784,-0.0078348349556
2034708000000,213.710550909,-1.41375467417,-3.35032899466,9.49519245006,-0.0715413843968,-0.229203999939,-0.00552266391262,0.0187112751424,-0.00769040709277
2034783000000,214.374557073,-1.41948185678,-3.36318201942,9.47849906786,-0.0772053417277,-0.198470835717,-0.00641888256517,0.0204297271275,-0.00771319949144
2034854000000,215.132817883,-1.42565107347,-3.37348886147,9.47756454685,-0.0751516427328,-0.410660760464,-0.0077554886702,0.0207757895592,-0.00739080383034
2034934000000,215.889471569,-1.43187693729,-3.38872333851,9.41432529142,-0.0800208477147,-0.00900372625201,-0.00585885906702,0.0225555755284,-0.00735261233795
2035046000000,216.928622441,-1.44058212719,-3.40968065253,9.43980152188,-0.0771961787109,-0.233858209963,-0.00581306021435,0.0223356194767,-0.00762305623224
2035094000000,217.40052692,-1.44456086727,-3.42299620092,9.43753970416,-0.0795589485505,-0.254430036681,-0.00589592839191,0.0224386998928,-0.00759126267857
2035160000000,217.966195709,-1.44939593516,-3.43415806566,9.42494827158,-0.0820095374827,-0.286243736101,-0.005316222777,0.0227071598717,-0.00768772165722
2035250000000,218.813759582,-1.45632137502,-3.45213723577,9.41830904446,-0.0724756326728,-0.130382864291,-0.00677483408096,0.0229734352973,-0.00766782649845
2035303000000,219.28414934,-1.46026545947,-3.46350859511,9.44242833055,-0.0746443086472,-0.234953679065,-0.00632850353262,0.0227694799721,-0.00758028499509
2035358000000,219.848289993,-1.46514871476,-3.47522049022,9.38374269088,-0.075175651867,-0.300463820835,-0.00496745190535,0.0220049056165,-0.0076557996658
2035426000000,220.505686614,-1.47070684973,-3.49070763894,9.37022981412,-0.0797648981633,-0.0129588700056,-0.00416022262971,0.0212385048537,-0.007572518501
2035491000000,221.068128436,-1.47546325405,-3.50296943741,9.36540415323,-0.084822241525,-0.0694214611704,-0.00439840509136,0.0212301617091,-0.00754288893693
2035574000000,221.910973172,-1.48254911732,-3.52067818625,9.38964320876,-0.0706714966574,-0.232614015813,-0.00555386062469,0.0202398230173,-0.00748285931305
2035657000000,222.659722107,-1.48880462135,-3.53642303509,9.3425490857,-0.0730910200096,-0.19252116394,-0.00387668188576,0.0181835826529,-0.00748071954722
2035708000000,223.126926058,-1.49281497468,-3.54574278133,9.3845207079,-0.0792040130273,-0.20031730405,-0.00337076052233,0.0169434662407,-0.00747732785038
2035781000000,223.787210076,-1.49756555595,-3.53887929153,9.35079526994,-0.0641651904258,0.289198806156,0.0131325880838,-0.0210112175724,-0.00537067489254
2035857000000,224.530411154,-1.50175394261,-3.53813682708,9.15850649216,-0.0359415730984,-0.00899147105467,0.0313358373876,-0.0431398357432,-0.00496052402623
2035919000000,225.084432065,-1.50451378555,-3.55048656949,9.12767337046,-0.0112697525734,0.0373489805749,0.0336226907288,-0.0582900409946,-0.00744164938775
2035998000000,225.810641096,-1.5104822575,-3.56011289392,8.98271982016,-0.105371091599,-0.277555916853,0.0235723250994,-0.0631249263575,-0.0118944245594
2036069000000,226.436942361,-1.51997183926,-3.5411897905,8.88333908856,-0.20467623945,3.00620572231,0.0115923234932,-0.0359164243976,-0.0128790649129
2036137000000,227.065637031,-1.52886474092,-3.41585465072,9.05483219828,-0.101791553838,1.22595351049,0.0017007617458,0.00676894274329,-0.0145759601599
2036204000000,227.713728017,-1.53381386289,-3.37724740709,9.45594569398,0.012561901477,-0.0578247536943,-0.00843894965659,0.0265295853587,-0.0147406873236
2036270000000,228.28559965,-1.53424132414,-3.40862623924,9.53616994961,0.0112392058275,-0.907531991027,-0.0135437931998,0.0194172960607,-0.0147282595996
2036331000000,228.856801822,-1.54313769767,-3.42323779476,9.49925512675,-0.0225056919592,-0.396150707931,-0.00644585019634,0.0210908121991,-0.0114341445881
2036403000000,229.528763682,-1.55106264965,-3.43402434257,9.73364580829,0.00858455343496,-0.135073095774,0.00179223745149,0.0200674938182,-0.00982785882464
2036482000000,230.302214065,-1.55921930034,-3.45162769207,9.66248217544,-0.0841081843813,-0.0934880572053,-0.00493921533254,0.022602899991,-0.0093210852681
2036566000000,231.171444711,-1.56698088426,-3.46922636672,9.65106022747,-0.0884816860006,-0.1852191261,-0.00667550558642,0.022576179097,-0.00812265923658
2036611000000,231.557786619,-1.57042220698,-3.47904460357,9.6582861319,-0.0834183054925,-0.231377653346,-0.00722956143963,0.0219925887442,-0.00813189321511
2036711000000,232.522651406,-1.57878278408,-3.49932905609,9.57900561114,-0.0942342635935,0.0717274664852,-0.00387771928827,0.0215033679007,-0.0076424884025
2036779000000,233.196341506,-1.58484400957,-3.51217164265,9.66238051684,-0.0839168440526,-0.23252405304,-0.00223862218747,0.0218081855708,-0.00776567781925
2036847000000,233.869803849,-1.59045416861,-3.52840960486,9.61821417558,-0.0750036526453,-0.243028958377,-0.00381691902602,0.0207834603212,-0.00769693715222
2036907000000,234.446089221,-1.59529495019,-3.5399085759,9.60728586705,-0.0900268232848,0.141312609777,-0.00283760749973,0.0208575119409,-0.00738158509902
2036969000000,235.021954788,-1.60028558295,-3.55187297784,9.58390916958,-0.0924707534449,-0.18616113231,-0.0040341039062,0.0191894220739,-0.00735796104771
2037036000000,235.6924587,-1.6050631348,-3.56442372536,9.5960623106,-0.0718681629892,-0.393758889909,-0.00276803623712,0.0185387439616,-0.00710742134802
2037103000000,236.26666997,-1.60972032615,-3.57670167978,9.53372694791,-0.0826625668416,-0.00858038062256,0.000948663145668,0.0173145846956,-0.00719014100992
2037168000000,236.94188733,-1.61559134539,-3.58954278736,9.72772742077,-0.121225189243,0.129605558675,0.00610013044438,-0.00873250109546,-0.00802961536479
2037228000000,237.519121497,-1.62171282366,-3.58250165562,9.47384773772,-0.109527648574,0.128897751495,0.0129077023355,-0.0415812552353,-0.0101468531103
2037309000000,238.275959808,-1.63087798129,-3.58435589183,9.37453665258,-0.126483195648,-0.0988259850242,0.0187780129195,-0.0600039874655,-0.0130684213405
2037372000000,238.832612521,-1.63871214051,-3.59300645458,9.19019785021,-0.149592040455,-0.0672745870166,0.0206581592358,-0.0544653222486,-0.0150890623471
2037427000000,239.391826353,-1.6477826894,-3.61473039898,9.30142787406,-0.162404424726,-0.396810759312,0.0102822794645,-0.0566461957921,-0.0161050203383
2037504000000,240.107442468,-1.65501709092,-3.50266393121,8.90130283456,-0.0421808194148,2.04048110049,-0.00420829377458,-0.0125592115049,-0.0090421723699
2037577000000,240.736254188,-1.65768371081,-3.39260580337,9.27432708218,0.0567958575476,0.905935319415,-0.0117101404201,0.0299464644166,-0.00473368866369
2037632000000,241.203344429,-1.65300617323,-3.37210457671,9.37682833703,0.0713687478386,0.0784514230122,-0.0155351523664,0.0406960487207,-0.00707830037304
2037705000000,241.960900987,-1.64571081022,-3.41480440934,9.57114996991,0.100750933637,-1.19782656882,-0.0186678019069,0.0318200223553,-0.0121207126841
2037780000000,242.628277045,-1.6498474676,-3.46652892152,9.83665545478,-0.242394438465,-0.626050703283,-0.00697200167229,0.0210086189578,-0.0106234278741
2037840000000,243.215773957,-1.65558357741,-3.47565863705,9.79131537446,-0.112306224206,-0.205280250158,0.00238521640393,0.0216545977835,-0.00873491979216
2037905000000,243.900689196,-1.66230476453,-3.49017716569,9.7948978875,-0.113202010298,-0.29377050361,-0.000103532787849,0.0212365897102,-0.00852863774819
2037984000000,244.682675714,-1.66933349324,-3.51065923586,9.72691051847,-0.0811878811305,0.26807013236,-0.00655918067177,0.0210506064664,-0.00765062681707
2038049000000,245.268461755,-1.67404728815,-3.52485458128,9.78105987188,-0.0938330854476,-0.125193691153,-0.00616393044523,0.0194862440502,-0.00739250818291
2038125000000,246.047885628,-1.68071037701,-3.53865195275,9.73325676298,-0.0790047236647,-0.23295679041,-0.00239862771675,0.0192300004869,-0.00760206115919
2038191000000,246.631936228,-1.68546857401,-3.54761861795,9.7424902392,-0.0746285944608,-0.136941973855,-0.000199353450704,0.0179373111073,-0.00740242757456
2038251000000,247.220570519,-1.69040206934,-3.56245509035,10.0017429356,-0.115498901338,-0.23859536161,0.00542778784883,0.00127721837861,-0.00780795885667
2038313000000,247.810990283,-1.69590596477,-3.54815865302,9.83597264393,-0.0782849937131,-0.0323970272176,0.0154873109165,-0.038625734458,-0.0104817861415
2038386000000,248.589346315,-1.70516714254,-3.55314114378,9.61168287304,-0.118384036218,-0.108822615805,0.0260849443747,-0.0703628132659,-0.0140186916592
2038453000000,249.160620458,-1.71333459985,-3.56054413242,9.44288913717,-0.138662636714,-0.218786787185,0.0311625026655,-0.0718185706372,-0.0164496399351
2038514000000,249.817029438,-1.72439721604,-3.57514117271,9.50398932749,-0.2018043451,-0.547419322262,0.03198458284,-0.0571983443223,-0.0190044436512
2038585000000,250.459735589,-1.73709802904,-3.50188463426,9.01922143402,-0.111987420891,1.44419373236,0.0183840669006,-0.0261660322783,-0.016461343137
2038650000000,251.004005076,-1.74708023739,-3.39589021899,9.15158809535,-0.129752101641,1.41928064083,0.00982383053898,0.015476629545,-0.0120880168128
2038719000000,251.646488113,-1.7575967248,-3.31239362207,9.26847448921,-0.156479676501,0.652990788847,-0.000837470079966,0.0531222087942,-0.00754533984512
2038788000000,252.308876637,-1.76572788729,-3.31822177793,9.5630662484,-0.113026285073,-0.603310458056,-0.0129904445581,0.0556170380466,-0.00617923953321
2038855000000,252.98413559,-1.77232290167,-3.40291729174,9.72954971386,-0.0941410092549,-1.7533779348,-0.021363939806,0.0294115743725,-0.00464120470807
2038926000000,253.652393515,-1.77722994383,-3.45296488277,9.47669867692,-0.0641541436717,-0.45381712177,-0.00843379098239,0.0221291889889,-0.00327025916938
2038990000000,254.226708556,-1.78138687067,-3.46073486994,9.58909857905,-0.0368664622615,-0.349387260751,0.000397107198402,0.0230526342073,-0.00382956533778
2039077000000,255.089474012,-1.78577037311,-3.48365780806,9.58097289233,-0.0519323576413,-0.358679131403,-0.00518501634656,0.0215860020778,-0.00548516649959
2039136000000,255.663988851,-1.78915537219,-3.49817577942,9.56902668756,-0.0512099017519,-0.208459329227,-0.00415812053958,0.0203302662085,-0.00496345044011
2039200000000,256.236938467,-1.79271292605,-3.50963215189,9.56100499697,-0.0580724284894,-0.220824302349,-0.00156756291633,0.0208511314605,-0.00529743544145
2039272000000,256.906345482,-1.7969454995,-3.52399369512,9.5309814088,-0.0683260992096,-0.298115115477,-0.00215093601649,0.0179130424757,-0.0055056531769
2039328000000,257.477502939,-1.80064950129,-3.53739971291,9.54678865964,-0.0630962473292,-0.228818421507,-0.00320257157916,0.0195316297133,-0.00560936755521
2039395000000,258.143296292,-1.80495795202,-3.54926392881,9.50493418236,-0.0681181874917,-0.161990110054,-0.00456515806496,0.0207228671353,-0.00569371109499
2039464000000,258.809308239,-1.80944291285,-3.56124434754,9.51633200469,-0.0644504389753,-0.328007326883,-0.00232009888603,0.0192983909902,-0.00581770510648
2039536000000,259.473930544,-1.81396409401,-3.57455778902,9.47670732395,-0.0611514641756,-0.102615532034,-0.0012973696712,0.0194613060442,-0.00611964660359
2039594000000,260.042736374,-1.81785494699,-3.58702508782,9.46572670414,-0.0633637892662,-0.184583693176,-0.00149360059751,0.0193954876239,-0.00628890627216
2039650000000,260.515865002,-1.82110752789,-3.59517274519,9.45608085708,-0.0668658091004,0.0142213655817,-0.00294098350167,0.0203692696004,-0.00610494328753
2039735000000,261.367780756,-1.82665975249,-3.61365043534,9.49240376116,-0.049851845727,-0.0473790933723,-0.00475290367016,0.0195192290879,-0.0060876706193
2039800000000,261.934699656,-1.83038297837,-3.62317318794,9.46107626577,-0.0676540787229,-0.187513645601,-0.00380219345783,0.0189406405306,-0.00587739791525
2039877000000,262.691156415,-1.83562954783,-3.63429621971,9.66005176314,-0.0626034230885,-0.478208824875,0.0024050732397,0.012369016274,-0.00585974594822
2039947000000,263.361164404,-1.84123517843,-3.63484577752,9.52171075321,-0.114861709367,0.0683361422871,0.0156943215218,-0.0328178006659,-0.00825549123133
2040010000000,263.926419852,-1.84700729611,-3.63066842774,9.34192411124,-0.110109327744,0.171854334985,0.0249440698349,-0.0543315826863,-0.0104496440447
2040073000000,264.481616885,-1.85335235317,-3.63240699279,9.16381210945,-0.108552454812,-0.0147776225518,0.0318469419558,-0.0569634699269,-0.0126580128111
2040143000000,265.118812003,-1.86164150725,-3.6455115084,8.98616755537,-0.130860684104,-0.168511702221,0.037525676795,-0.041528988869,-0.0149260649245
2040214000000,265.857197347,-1.87334256362,-3.64971421308,8.83468452549,-0.0495242689559,2.14753304349,0.0269075352789,-0.0415000223686,-0.0191175127865
2040278000000,266.38539849,-1.88360867456,-3.52706928687,8.85498487547,-0.147775883774,1.56694007562,0.0164006363491,-0.00409023526577,-0.0189609560946
2040351000000,267.01463511,-1.89793027668,-3.45445208766,9.20903438659,-0.319649317838,0.33692922228,0.0041594589762,0.0311344123707,-0.0178449916539
2040409000000,267.58091859,-1.9095386646,-3.46654848458,9.59223279044,-0.151598783188,-0.700868505442,-0.00572569956885,0.0313408338545,-0.012218033081
2040495000000,268.446325036,-1.91985768647,-3.52983882361,9.58350482439,-0.128538468174,-0.471393139522,-0.00491374550713,0.0168869811848,-0.00649423949457
2040539000000,268.831582828,-1.92360292691,-3.53809514505,9.72345633772,-0.227887618371,0.144634980535,0.0024725176202,0.0178411930256,-0.00589100549263
2040626000000,269.705835924,-1.92969459986,-3.54551896755,9.69144923032,-0.0361385810313,0.117593010492,3.97533400673e-05,0.0206379873417,-0.00599239714286
2040696000000,270.383071123,-1.93381942534,-3.55659324242,9.53569711908,-0.056648046783,-0.265425105869,-0.00537155971208,0.0205466977779,-0.0045515196722
2040765000000,271.037873731,-1.93646667045,-3.57234618497,9.13052008007,-0.0294590945401,-0.312586730577,-0.00120731189248,0.0198811354953,-0.00291449279655
2040820000000,271.484164719,-1.93843694219,-3.58329963184,8.77593228686,-0.0463713219141,-0.167553696401,-0.00196377337614,0.0196034574199,-0.00349162252391
2040882000000,271.994540168,-1.93992830936,-3.59403881833,8.28871013695,-0.0389397961663,-0.170488426084,-0.00215940264537,0.0205333349995,-0.00390086052445
2040952000000,272.555648644,-1.94242315353,-3.60429087174,7.78632059333,-0.0461594102437,-0.119817285689,-0.00294705483438,0.0210073204837,-0.00365129174177
2041024000000,273.152718538,-1.94466406393,-3.61405619974,7.17475045833,-0.0211879990274,-0.130309412432,-0.00370918723831,0.0221279114259,-0.00297111151658
2041089000000,273.569610706,-1.94627506946,-3.61729142756,6.75578245074,-0.0324023557042,-0.137331793262,-0.00444044450218,0.0230035595356,-0.00287889808526
2041162000000,274.026898494,-1.94886062316,-3.63183149804,6.28444741368,-0.00771319769379,-0.213700453731,-0.00445048601576,0.0232400096578,-0.00196499130072
2041222000000,274.390795254,-1.94969036084,-3.64073661423,5.78818230696,-0.00750563754366,-0.127357005817,-0.00566589892869,0.023090340838,-0.00214757067267
2041288000000,274.78232196,-1.95111798868,-3.6495510038,5.33929699616,-0.0170260226864,-0.122272577519,-0.00527978952714,0.0227862744892,-0.0021241797223
2041357000000,275.140903483,-1.95230159964,-3.65598931257,4.90356172121,-0.0200678868177,0.113478547721,-0.00613011393381,0.0238288332894,-0.00203976789212
2041423000000,275.424262083,-1.9532700433,-3.66202258637,4.52162998524,-0.0217229795429,-0.0574114238537,-0.00675844175918,0.0223817215725,-0.0021216624082
2041488000000,275.724791389,-1.95513273719,-3.66854020796,4.09379068918,-0.0324286635705,-0.24066438756,-0.00890500624528,0.0229853639753,-0.00154032246486
2041563000000,275.997567709,-1.9557103999,-3.67256266863,3.72651674496,-0.000613846926891,-0.122944248891,-0.00976161135846,0.0217784706614,-0.00119099513646
2041629000000,276.241922781,-1.95628758005,-3.67929820225,3.28355155664,-0.00735378979039,-0.171228549342,-0.00765470284511,0.021207382908,-0.000570878855879
2041696000000,276.460981992,-1.95661545266,-3.68544798096,3.07385287761,-0.00446402969884,-0.0728576620732,-0.00744688979533,0.0203473688054,-0.00170716783716
2041761000000,276.641660149,-1.95682561936,-3.69013826286,3.0753444762,-0.00494134326493,-0.0816808553163,-0.00825930526497,0.0201575130066,-0.00177335652649
2041830000000,276.853571357,-1.95735119014,-3.69533506919,2.99243291877,-0.00577929085564,-0.0013762549608,-0.00906651310394,0.0204245539203,-0.00178799633588
2041890000000,277.036057704,-1.957865934,-3.70043693842,2.99538038663,-0.0130586448736,-0.0551704632002,-0.00893764712871,0.0190651548042,-0.00169180574924
2041974000000,277.307931183,-1.95866539574,-3.70729580322,2.95538208362,0.00619405014706,-0.137918440163,-0.00666642956647,0.0189863263406,-0.00158351143595
2042026000000,277.458062318,-1.95897349608,-3.71065973351,2.99075573808,0.00343243693481,-0.0514408788698,-0.00565361839848,0.0188438386155,-0.001856864603
2042110000000,277.698376184,-1.95984334017,-3.71365570145,2.9969417115,-0.0504245018565,-0.0655869837743,-0.00323899956832,0.0192091473299,-0.00183226834336
2042163000000,277.85038694,-1.96080371644,-3.71756204655,2.94637635069,0.0210829975492,-0.131502139583,-0.00501246562858,0.0185100810991,-0.00203069117803
2042241000000,278.090817482,-1.9615880112,-3.72270069176,3.04408054978,-0.00847930237857,-0.28223216,-0.00491112516896,0.0185102669483,-0.00227945586817
2042289000000,278.241849812,-1.96196474049,-3.72441553168,2.98976566586,-0.0151210175967,-0.057160015114,-0.0043726797464,0.0190805979758,-0.00223217680129
2042356000000,278.453028919,-1.96299116896,-3.7282744539,2.96384500064,-0.00501802860905,-0.0119094154647,-0.00607041035352,0.0194460254998,-0.00230327347751
2042432000000,278.662959736,-1.96322786014,-3.73179731,3.03172439495,-0.00521395005296,-0.0658457771814,-0.00754558559885,0.019421253625,-0.0024751101426
2042513000000,278.90430604,-1.96372975621,-3.73673387852,2.99230673887,0.00617697729675,-0.0542193606125,-0.00730604911147,0.0203762958123,-0.00264048517729
2042590000000,279.14577536,-1.96480827708,-3.73730383054,3.03624647142,-0.00884438459049,-0.140150954926,-0.0077772872267,0.0198033449304,-0.00267673215647
