0 -0 -90
0.04375498 0.019514671 -89.979904
-0.012802656 0.0078397626 -89.989937
-0.015895627 -0.11134176 -89.995056
-0.03640027 -0.052273765 -89.999054
-0.041014586 -0.054890744 -90.00222
-0.050708946 -0.072204031 -89.997017
-0.042434409 -0.10100153 -90.003731
-0.038866166 -0.12360023 -90.002029
-0.036931626 -0.15586028 -90.007706
-0.022243099 -0.10329816 -90.011162
-0.028971441 -0.09303765 -90.014473
-0.018308124 -0.085998036 -90.020927
-0.00040581555 -0.080627821 -90.030243
0.010594545 -0.079521 -90.027519
-0.0058918498 -0.09152922 -90.035904
-0.0010276756 -0.051931381 -90.043304
0.0053302352 -0.057938211 -90.051041
-0.008417543 -0.061280008 -90.059509
-0.0041816095 -0.06175299 -90.070137
-0.006920448 -0.049111422 -90.088806
-0.0023696544 -0.062961429 -90.095291
0.0064021638 -0.060623266 -90.104439
0.0062209098 -0.068884805 -90.117096
0.010792377 -0.017371397 -90.127167
-0.0014203822 -0.025408063 -90.140381
0.00017419939 -0.0055468609 -90.148247
0.0025589135 0.0077632829 -90.153702
0.0021088899 0.022128928 -90.16185
0.0010510577 0.027813699 -90.172585
0.0013853078 0.039260402 -90.179695
0.0038104309 0.018772636 -90.190613
0.003411812 0.02656612 -90.200394
0.0023307451 0.039040923 -90.212433
0.0014043757 0.035999596 -90.222794
-0.0021290712 0.035091955 -90.237358
-0.0017898758 -0.0034288338 -90.254387
0.00077488442 0.028470326 -90.26548
-0.0021378389 0.026409985 -90.275787
-0.0013552152 0.026852133 -90.284378
0.0028682419 0.009170807 -90.29525
0.0024842105 -0.0068428875 -90.306206
-0.0013661176 0.00078483124 -90.312225
-0.0015536344 -0.011846455 -90.322807
0.00078055914 -0.0078289965 -90.333473
1.1135742e-05 -0.0041431761 -90.341103
0.0038431017 -0.027068194 -90.348686
-0.0067779776 0.015841633 -90.361084
0.0090294238 -0.08052092 -90.369484
-0.0041580237 0.0126625 -90.382233
-0.0017172185 0.016252244 -90.390282
0.00052613457 0.021884453 -90.405029
0.0019667374 0.027451245 -90.417305
0.0049542668 0.047032543 -90.425636
0.0057588303 0.047199968 -90.437027
0.0095599126 0.0015914739 -90.438789
0.017311217 0.024936365 -90.446983
0.0095519926 -0.0094043696 -90.453636
0.0040491754 -0.016400352 -90.464928
0.019397523 0.029393721 -90.471725
0.01048837 -0.0051500695 -90.478653
0.014674596 -0.0023088444 -90.490356
0.01334343 -0.0043076351 -90.49601
0.0070614135 -0.01033173 -90.506523
0.006074436 -0.015194238 -90.516403
0.011277149 -0.021551225 -90.52195
0.0022206893 0.030203477 -90.536629
0.0094655836 0.030545598 -90.547943
0.010390104 0.028881487 -90.560448
0.01445635 0.038424488 -90.571411
-0.0043169879 -0.042500596 -90.580154
0.0056250687 0.0087814098 -90.586754
0.0015026686 -0.0090026716 -90.595383
-0.0050036027 -0.049850732 -90.606926
0.0078873029 0.012370755 -90.614647
0.0070239175 0.016997397 -90.623894
0.010112427 0.0080817426 -90.635223
0.017866669 0.015349305 -90.647568
0.019691255 0.012821414 -90.65712
0.019718846 -0.0088290479 -90.665649
0.018249625 -0.0079489006 -90.674553
0.019903691 -0.012335856 -90.68029
0.021341158 0.00094810897 -90.69104
0.028562248 0.0064574196 -90.699883
0.030859312 0.0058317375 -90.7052
0.027971007 -0.0052835303 -90.716896
0.028518986 -0.00015076443 -90.725464
0.025110805 0.0059088343 -90.733421
0.029718269 -0.00076765928 -90.740196
0.030704502 0.0020942069 -90.747787
0.029982807 0.010909257 -90.757957
0.032911751 0.0041894745 -90.768349
0.030367766 0.0015266174 -90.776817
0.028661182 0.0053632366 -90.785149
0.025102807 -0.0063649626 -90.794952
0.031201828 0.012204335 -90.802147
0.025582597 0.0045100129 -90.807739
0.028296005 0.0016773185 -90.819832
0.031044172 0.014260408 -90.830406
0.027453687 -0.0021482713 -90.84465
0.028375864 -0.0082198596 -90.857742
0.028445506 -0.01715304 -90.867905
0.037225325 -0.01891382 -90.876801
0.027225252 -0.014896227 -90.890884
0.02711725 -0.0068579502 -90.900543
0.029143015 -0.0015493509 -90.913506
0.026054317 0.0042103054 -90.925186
0.023699746 0.0074485992 -90.936668
0.028274095 0.010819592 -90.943169
0.029735303 0.010430553 -90.949493
0.027748052 0.0071220407 -90.96067
0.023060927 -0.015086638 -90.97065
0.026213175 0.0049100067 -90.974274
0.031666551 0.0057158424 -90.986122
0.039825838 7.3097712e-05 -90.998848
0.039566189 -0.0068267519 -91.012146
0.042618956 -0.012815675 -91.024414
0.045394465 -0.024150364 -91.03849
0.044404253 -0.016623786 -91.049858
0.035601236 -0.024259118 -91.053551
0.036637388 -0.020651212 -91.061722
0.036742952 -0.041055683 -91.070419
0.043960929 -0.029788239 -91.084747
0.045483716 -0.019550152 -91.091942
0.035121642 -0.021468092 -91.097328
0.036694154 -0.017113278 -91.109047
0.034927804 -0.044001319 -91.11544
0.037186127 0.0050673462 -91.123596
0.03118339 -0.021579593 -91.131172
0.031727206 0.025789967 -91.14254
0.037361152 -0.021885529 -91.155685
0.032224175 -0.00092047476 -91.163315
0.020597978 -0.067904346 -91.177856
0.04980389 -0.11147682 -91.175148
0.031114813 -0.02270828 -91.19957
0.037773553 -0.048224986 -91.208054
0.049184579 -0.076823562 -91.214699
0.055169191 -0.098375782 -91.220116
0.03176574 -0.052396454 -91.236908
0.030078938 -0.03118279 -91.249382
0.026967738 -0.031792343 -91.256668
0.02673989 -0.020122379 -91.264839
0.02828449 -0.02453812 -91.276344
0.027246844 -0.024218325 -91.285675
0.033392519 -0.024498355 -91.29332
0.03484847 -0.035592768 -91.301384
0.038095027 -0.019644383 -91.313225
0.041913841 0.0040608807 -91.328224
0.041096479 0.0048718723 -91.337624
0.039933786 -0.029420704 -91.352684
0.046389468 0.0033921357 -91.362396
0.05096839 0.0046300138 -91.374626
0.027872235 -0.04827543 -91.380959
0.02923082 -0.051471308 -91.389381
0.042945113 -0.0030700765 -91.398621
0.052904766 0.00070596405 -91.412437
0.05508142 0.0070322398 -91.427734
0.046348702 -0.022581397 -91.43943
0.041331042 -0.038144823 -91.452553
0.04253386 -0.034515832 -91.463104
0.041199606 -0.039729558 -91.470367
0.043379638 -0.035846502 -91.4795
0.043747142 -0.023999617 -91.486702
0.045809411 -0.019390706 -91.5
0.043365978 -0.014336138 -91.511597
0.037178781 -0.014772356 -91.522659
0.035916217 -0.012121851 -91.530525
0.044189226 0.026303003 -91.542999
0.034046356 -0.042653143 -91.545929
0.041251086 -0.031445812 -91.557648
0.040056705 -0.022055771 -91.566193
0.04234143 -0.052904535 -91.571548
0.036140371 -0.053524055 -91.581093
0.047577485 0.0048587448 -91.594437
0.026367901 0.0064469157 -91.602577
0.04496352 0.011891139 -91.6119
0.017103177 0.0043688957 -91.623802
0.049033653 -0.013155622 -91.640182
0.054991163 -0.026118077 -91.652283
0.063236289 -0.034278937 -91.666031
0.04138191 -0.0099106748 -91.679863
0.048932001 -0.015115905 -91.688896
0.046988253 -0.015172047 -91.698036
0.044801947 -0.015734857 -91.706284
0.052712984 -0.017120531 -91.71669
0.051254794 -0.01251976 -91.726822
0.054735944 -0.016823558 -91.737053
0.053923875 -0.013658074 -91.750389
0.05203085 -0.0039334651 -91.763237
0.049580447 -0.0016456809 -91.776894
0.041446831 -0.0092769228 -91.790543
0.048546284 -0.004590712 -91.798866
0.046483532 -0.003501185 -91.808556
0.047015384 0.0066186157 -91.814598
0.044147003 -0.0047625625 -91.822861
0.037778117 -0.012288284 -91.828545
0.045615945 -0.020567501 -91.836792
0.050171424 -0.018985672 -91.84903
0.055959579 -0.0045859786 -91.860573
0.055391729 -0.0023105785 -91.874176
0.047749892 -0.0036859279 -91.886002
0.045353316 -0.017958971 -91.898445
0.044759065 -0.021864077 -91.907028
0.045742117 -0.030928835 -91.912048
0.046622757 -0.046059765 -91.921326
0.048688397 -0.024432926 -91.934769
0.043471251 -0.052414972 -91.948021
0.049512643 -0.033672042 -91.962677
0.042615119 -0.067976512 -91.968231
0.05797752 -0.018326471 -91.981979
0.061058145 -0.018659497 -91.995636
0.060527366 -0.025435342 -92.009544
0.057262354 -0.013777657 -92.020912
0.054244939 -0.019179819 -92.03141
0.057314284 -0.0060758423 -92.041855
0.05842125 0.00064134435 -92.053268
0.051381212 -0.005297788 -92.064445
0.053131383 -0.012762135 -92.070465
0.047163773 -0.02736482 -92.085976
0.048071329 -0.023907436 -92.09314
0.048625622 -0.059197374 -92.103882
0.049840324 -0.015172259 -92.119507
0.051371969 -0.0091232164 -92.13237
0.048142336 -0.0087976623 -92.14193
0.044631597 -0.0041736481 -92.150703
0.042188071 -0.012210838 -92.158302
0.04449445 -0.041030336 -92.165215
0.040974494 -0.020030782 -92.174377
0.040672787 -0.06605532 -92.177017
0.045868333 -0.011558342 -92.193962
0.042560834 -0.034168709 -92.205414
0.043370828 -0.0039566695 -92.221497
0.043749336 -0.02200803 -92.234009
0.041859236 -0.029360892 -92.252487
0.037351817 -0.05527956 -92.268196
0.039948065 -0.010313911 -92.282501
0.040155202 -0.01523888 -92.295166
0.038887125 -0.011974615 -92.30201
0.039568495 -0.0018654296 -92.310593
0.047927991 0.0076004569 -92.31868
0.040641285 0.0064489958 -92.332664
0.046115112 -0.012135038 -92.342697
0.042078394 -0.037375882 -92.352394
0.051128794 -0.0015864455 -92.36274
0.05142086 -0.022206102 -92.375572
0.054916795 -0.011049249 -92.390251
0.052923284 0.017559411 -92.403259
0.048451636 -0.0093739582 -92.412849
0.053485341 0.01538394 -92.423355
0.051855609 0.010531889 -92.433914
0.049584404 0.0068159448 -92.445511
0.047463451 0.0145803 -92.45179
0.050963912 0.0062383399 -92.464592
0.050606545 -0.0059802337 -92.473846
0.043186713 -0.025646146 -92.481453
0.050713923 0.0035897992 -92.492439
0.048640762 -0.0028237773 -92.500778
0.049479537 -0.0016681143 -92.513474
0.04676291 -0.0057173772 -92.524139
0.045275882 -0.0039282674 -92.535751
0.045329954 0.00077533344 -92.544716
0.043239869 -0.010620173 -92.557442
0.042177405 -0.011226432 -92.57003
0.049020663 0.0097292326 -92.58696
0.048819773 0.020741742 -92.604881
0.0567073 0.0080189649 -92.617271
0.056940958 -0.001936119 -92.63176
0.056071982 -0.0065761404 -92.64035
0.057172585 -8.0094673e-05 -92.652557
0.059140686 0.013882419 -92.665016
0.045324575 -0.015872514 -92.678261
0.047476944 -0.011675254 -92.689491
0.043685682 -0.013375225 -92.695915
0.047626115 0.004856267 -92.712769
0.047319531 0.0067292075 -92.722473
0.046969622 0.0079777725 -92.734688
0.044681676 0.021973267 -92.752991
0.044398557 0.030908655 -92.765793
0.044390123 -0.0044333292 -92.780846
0.046063144 0.031925447 -92.797928
0.041668717 0.0052418001 -92.804962
0.047639739 0.013587389 -92.816299
0.047532514 0.021929298 -92.823555
0.053622887 -0.017713789 -92.837212
0.050138485 -0.016163869 -92.848465
0.054107081 -0.018981965 -92.859024
0.050380144 0.016916899 -92.873718
0.053043015 -0.054661795 -92.880005
0.051321879 0.013625386 -92.899338
0.053645179 -0.0026493156 -92.912918
0.052152675 0.020144863 -92.921249
0.055681102 0.013697426 -92.935455
0.057187434 -0.0022982012 -92.945915
0.058907639 -0.044613518 -92.958923
0.063834995 -0.06306152 -92.97258
0.054906815 -0.018361334 -92.990211
0.054860551 -0.024776867 -93.000565
0.048976369 -0.0031741746 -93.013458
0.053583115 -0.067528218 -93.023994
0.050518494 0.0088909985 -93.034653
0.050899707 0.020818554 -93.044563
0.052879971 -0.029699894 -93.048943
0.043664645 0.00097736542 -93.064491
0.056158934 0.0071803932 -93.073875
0.049218237 0.0070547014 -93.088814
0.055262718 -0.0019077332 -93.10807
0.053801399 -0.0064456388 -93.122917
0.055124063 -0.0034512514 -93.139687
0.058600612 0.0073099765 -93.151878
0.058169715 0.012865493 -93.161835
0.061794851 0.012772887 -93.172241
0.066253841 0.015661186 -93.187309
0.066666543 0.016888274 -93.199181
0.067231491 0.02961801 -93.214432
0.071228474 0.012994126 -93.230469
0.069744952 0.017624995 -93.243309
0.06584122 0.027403792 -93.251404
0.078292571 0.013728954 -93.262901
0.077986576 0.028959833 -93.274269
0.064598493 0.046363734 -93.293327
0.16970915 -0.05104626 -93.291267
0.088436589 0.028445488 -93.313171
0.081231266 0.046730258 -93.330116
0.080241054 0.050055452 -93.341148
0.067547046 0.029579386 -93.351601
0.075770982 0.046114638 -93.301544
0.053024504 -0.03338781 -92.99791
0.050875995 -0.0086091748 -92.555733
0.041724972 -0.10226987 -92.207527
0.025995083 -0.028851984 -91.910049
0.012320937 -0.018863335 -91.609406
0.011834154 -0.041025728 -91.411758
0.0086059645 -0.11646675 -91.256477
-0.0046913926 -0.084254302 -91.091988
-0.0077739353 -0.069486715 -90.981125
0.0057633226 -0.086996011 -90.886833
-0.021719992 -0.1008241 -90.804657
-0.021576878 -0.11019608 -90.715439
-0.026379507 -0.10948617 -90.679878
-0.020888755 -0.090455048 -90.634109
-0.023700187 -0.096503995 -90.603188
-0.032982819 -0.10306107 -90.569321
-0.040564075 -0.092148237 -90.549973
-0.031918056 -0.08923883 -90.520309
-0.026514225 -0.085984334 -90.495125
-0.04294955 -0.094118543 -90.467552
-0.041603968 -0.074617766 -90.4618
-0.030755298 -0.069580853 -90.453247
-0.036295339 -0.071545362 -90.451576
-0.035623319 -0.056940742 -90.435204
-0.035641495 -0.048936862 -90.446938
-0.018995874 -0.032125771 -90.421776
-0.028600171 -0.021830363 -90.426193
-0.038560785 -0.0030815613 -90.406937
-0.038698908 -0.0017251594 -90.398392
-0.050780237 -0.0026126311 -90.39344
-0.039294504 0.008344911 -90.401962
-0.049229532 0.014847549 -90.401924
-0.040184759 0.026928496 -90.401794
-0.037294205 0.041114029 -90.388138
-0.03602308 0.044050831 -90.364983
-0.038109582 0.049173467 -90.364677
-0.021876818 0.067105919 -90.381248
-0.028300419 0.074680395 -90.37574
-0.018868398 0.099336706 -90.387924
-0.013073542 0.10262551 -90.389061
-0.018253343 0.12503542 -90.382889
-0.01874199 0.13662319 -90.372147
-0.020322822 0.15198931 -90.377518
-0.019101584 0.15781631 -90.37606
-0.023609057 0.17436917 -90.376015
-0.0086447243 0.181538 -90.362007
0.00091661868 0.19671825 -90.367165
0.014356594 0.199918 -90.363823
0.019298736 0.215874 -90.345787
0.019489296 0.22625966 -90.350319
0.032212388 0.23431107 -90.359734
0.017840099 0.23647307 -90.353378
0.023931785 0.25316873 -90.365738
0.029934352 0.26469961 -90.362122
0.024881298 0.27258977 -90.373558
0.019874273 0.28527629 -90.348251
0.019360427 0.2887826 -90.344345
0.031696882 0.30538303 -90.348541
0.036971085 0.30776298 -90.331657
0.037252299 0.31767568 -90.332741
0.055352651 0.32297766 -90.341354
0.059385341 0.33739898 -90.333008
0.062580377 0.34891036 -90.333824
0.071768627 0.35448554 -90.335709
0.051912654 0.37701008 -90.323059
0.060611263 0.38773656 -90.329338
0.086629346 0.39502707 -90.33564
0.10301623 0.39778104 -90.336205
0.10010261 0.41738087 -90.307983
0.10004228 0.41803122 -90.323074
0.10841438 0.42652139 -90.3255
0.1103572 0.43632209 -90.329842
0.080903351 0.46953493 -90.314331
0.078926086 0.486123 -90.301147
0.11659792 0.46898556 -90.312241
0.12966625 0.46718276 -90.303017
0.11235698 0.50086933 -90.294823
0.14100531 0.50178343 -90.29644
0.15977357 0.5101651 -90.289139
0.14670892 0.5261569 -90.280029
0.12109097 0.55590588 -90.259949
0.12880826 0.55814296 -90.266083
0.14624654 0.54523969 -90.282059
0.11400688 0.58195013 -90.281227
0.12385895 0.58673704 -90.278725
0.1336645 0.58105892 -90.265831
0.14008218 0.57966918 -90.268425
0.10407897 0.63231874 -90.253983
0.14973752 0.59518021 -90.259346
0.17616716 0.57003665 -90.243195
0.15258695 0.59289372 -90.247849
0.16049616 0.58961803 -90.239296
0.17422965 0.58847064 -90.241631
0.17508042 0.59158158 -90.226265
0.2061604 0.57703722 -90.237396
0.2187977 0.57310969 -90.237328
0.23952988 0.57498211 -90.236725
0.21273811 0.59032732 -90.217819
0.24520108 0.57803714 -90.219635
0.25284308 0.60305285 -90.226494
0.22108696 0.6332463 -90.263786
0.21053398 0.6497004 -90.291595
0.19786406 0.67646152 -90.332489
0.19673344 0.6933412 -90.336769
0.18737471 0.70896173 -90.364456
0.20078269 0.73134077 -90.375114
0.16502476 0.75498211 -90.384117
0.1681847 0.76855779 -90.396248
0.15007293 0.79105884 -90.403145
0.14482802 0.80166924 -90.401443
0.12958218 0.8149966 -90.413055
0.11388671 0.82218164 -90.404129
0.10862532 0.86387628 -90.403168
0.091990001 0.86887437 -90.412201
0.078082323 0.89908201 -90.418213
0.067959152 0.89608467 -90.425964
0.062458489 0.90519893 -90.420387
0.0576564 0.91332722 -90.418831
0.051109783 0.9244625 -90.411423
0.060523026 0.92210525 -90.419357
0.093500175 0.90301186 -90.421494
0.065928228 0.9448899 -90.426582
0.086777993 0.92817944 -90.437317
0.091055632 0.93683136 -90.444206
0.087198362 0.94578916 -90.437675
0.096773624 0.95751053 -90.440742
0.1000803 0.95711631 -90.444016
0.097018301 0.9869948 -90.434898
0.10391857 0.97856796 -90.425018
0.10427925 0.98546034 -90.433212
0.10114869 1.0008221 -90.423218
0.10372984 0.99191993 -90.426918
0.097983383 0.99583197 -90.423218
0.096707627 1.0141072 -90.411827
0.082977779 1.0278618 -90.427879
0.083570383 1.037287 -90.433815
0.081024967 1.0539449 -90.430634
0.067467883 1.0846291 -90.444145
0.056517471 1.0970461 -90.423172
0.05248585 1.1177258 -90.430504
0.058015253 1.1207345 -90.423409
0.044465683 1.1471331 -90.426147
-0.50107664 0.84124595 -90.417358
-0.57349187 0.77611262 -90.412064
-0.51422751 0.77329504 -90.424286
-0.49469969 0.78725529 -90.433189
-0.46947947 0.75146991 -90.436386
-0.45418063 0.73346859 -90.427948
-0.45020261 0.74103904 -90.434433
-0.42241564 0.7758956 -90.444786
-0.42240295 0.73361909 -90.439445
-0.37715545 0.78840131 -90.450722
-0.37941974 0.77425516 -90.456055
-0.34302476 0.80219811 -90.440392
-0.31319746 0.74922866 -90.446167
-0.31068823 0.75779414 -90.442436
-0.3497178 0.77957368 -90.436707
-0.2670168 0.75335521 -90.435577
-0.25936252 0.76095146 -90.43589
-0.28479275 0.79870725 -90.433014
-0.27368352 0.77238655 -90.440445
-0.25853395 0.78843004 -90.440659
-0.2631731 0.84432161 -90.438133
-0.26912037 0.84277493 -90.44059
-0.26987666 0.83709377 -90.436302
-0.30168065 0.90291417 -90.445274
-0.30161208 0.92208743 -90.443535
-0.27833992 0.89207858 -90.448502
-0.28956607 0.93086368 -90.435455
-0.28981313 0.93860877 -90.440681
-0.276402 0.94651461 -90.427452
-0.25908178 0.91814154 -90.436531
-0.2627956 0.9732793 -90.430244
-0.2745989 0.98269534 -90.429169
-0.27510408 0.99224389 -90.428986
-0.25290364 0.99126959 -90.425018
-0.26986018 1.0193295 -90.425018
-0.26805726 1.0313191 -90.428886
-0.28123102 1.0507373 -90.431183
-0.28227928 1.0676636 -90.426842
-0.28464767 1.1019177 -90.431763
-0.27186799 1.0876564 -90.423752
-0.26517317 1.0975485 -90.42704
-0.27473417 1.10203 -90.418098
-0.26966843 1.1001105 -90.424232
-0.26681775 1.1071147 -90.419151
-0.26556858 1.1273373 -90.410576
-0.26413751 1.1414963 -90.418098
-0.26812205 1.087308 -90.418602
-0.25519234 1.139675 -90.431877
-0.26604354 1.1655868 -90.42334
-0.25309381 1.1817356 -90.423691
-0.24616627 1.1935548 -90.422043
-0.24209091 1.1984041 -90.409081
-0.22781925 1.2134782 -90.413994
-0.22699879 1.2010357 -90.426613
-0.22742042 1.2139374 -90.422981
-0.24329464 1.1733831 -90.411079
-0.219431 1.1382707 -90.41391
-0.21478984 1.1860683 -90.41787
-0.2205721 1.1782929 -90.424095
-0.20838726 1.1359353 -90.419258
-0.22400841 1.1378323 -90.411011
-0.21303567 1.1681296 -90.422379
-0.212107 1.1628861 -90.422699
-0.22551526 1.1504476 -90.412956
-0.2378813 1.1681719 -90.416145
-0.22748603 1.2272729 -90.404282
-0.23328248 1.2356914 -90.406029
-0.22061139 1.2538311 -90.401993
-0.23557323 1.2810448 -90.390358
-0.23445097 1.2764912 -90.36927
-0.25560051 1.3004209 -89.207268
-0.31644991 1.2733188 -87.377678
-0.35189018 1.2714093 -85.882393
-0.40300432 1.2769953 -84.50338
-0.41985035 1.2690712 -83.472084
-0.44368038 1.2680106 -82.426498
-0.46595523 1.2571031 -81.160118
-0.48713726 1.2661953 -80.545517
-0.5061717 1.2660366 -79.843536
-0.51464427 1.263561 -79.255341
-0.50849724 1.2512609 -78.667366
-0.52426636 1.2439462 -78.092896
-0.54593384 1.2659355 -77.572678
-0.55614406 1.246567 -77.069061
-0.59790772 1.2331983 -75.015259
-0.65909892 1.2076691 -71.639748
-0.77569783 1.1619433 -66.422577
-0.83759034 1.1189349 -63.852032
-0.91519463 1.0748818 -59.857628
-0.95071983 1.0316874 -56.471352
-1.0056505 0.98150235 -52.602818
-1.0706179 0.91328818 -48.984722
-1.138478 0.83081102 -44.60593
-1.1654263 0.75671017 -41.160744
-1.2115947 0.70520419 -38.102585
-1.2423357 0.67714626 -35.221642
-1.2739618 0.64064223 -32.971073
-1.2700177 0.60505873 -31.319088
-1.2827821 0.58219212 -29.790871
-1.3102195 0.57810581 -28.607515
-1.2990122 0.54820901 -27.649361
-1.2968528 0.53420967 -26.744993
-1.3077197 0.50627232 -26.097494
-1.2973186 0.50578541 -25.50388
-1.3278069 0.51273203 -24.960171
-1.3255427 0.50140363 -24.480501
-1.3380519 0.4802945 -24.08865
-1.3479979 0.49935472 -23.797205
-1.3177092 0.48032054 -23.485266
-1.3200395 0.48636913 -23.260069
-1.3503077 0.49954286 -23.037704
-1.3118449 0.490982 -22.855812
-1.3095739 0.48987427 -22.69252
-1.3222057 0.50650853 -22.513567
-1.3458337 0.5041911 -22.386129
-1.3275783 0.49927151 -22.287523
-1.3634105 0.5278064 -22.188339
-1.3606693 0.53461421 -22.043785
-1.3551363 0.53990996 -21.983355
-1.3724389 0.55134237 -21.917114
-1.3680558 0.54866678 -21.857269
-1.3663932 0.55703849 -21.784994
-1.3666457 0.57131654 -21.718855
-1.3391806 0.53679729 -21.088907
-1.3827832 0.47377038 -18.020292
-1.3844367 0.38882521 -14.806808
-1.4192644 0.32309902 -11.671119
-1.452724 0.29256222 -9.5721588
-1.4182531 0.23726408 -7.6784945
-1.4260947 0.19649924 -6.3038859
-1.4307873 0.18091829 -5.3250208
-1.4109559 0.15946351 -4.4659209
-1.3920705 0.15910405 -3.7259982
-1.3774211 0.15187921 -3.17276
-1.3795791 0.12873451 -2.7418544
-1.3544999 0.1353934 -2.4114244
-1.387331 0.14478779 -2.1213269
-1.3827796 0.15215617 -1.8895695
-1.3671546 0.15094054 -1.7102431
-1.3914459 0.15661667 -1.5581921
-1.4048362 0.15249878 -1.4448593
-1.4103844 0.15439881 -1.3496777
-1.4115855 0.16280849 -1.2775404
-1.4149936 0.17788953 -1.2095613
-1.4144788 0.1887677 -1.1583021
-1.402023 0.1931964 -1.1198616
-1.3937031 0.18181179 -1.0774448
-1.413185 0.20222305 -1.0587047
-1.3934306 0.20684175 -1.0408825
-1.3808262 0.21868554 -1.0175148
-1.3984239 0.24050082 -1.00916
-1.404194 0.24701425 -0.99122876
-1.401762 0.2393602 -0.9830814
-1.3985389 0.24938451 -0.96675175
-1.3985811 0.25358528 -0.96765113
-1.3981435 0.27405396 -0.95238429
-1.3855673 0.27055004 -0.9464879
-1.4020631 0.27036187 -0.9455722
-1.4188147 0.28076804 -0.94837123
-1.42808 0.2885851 -0.94707769
-1.4103771 0.27333918 -0.94704616
-1.415863 0.27676335 -0.94781661
-1.4114102 0.27074346 -0.94330615
-1.4308265 0.27770388 -0.94472831
-1.4243916 0.28859234 -0.94701099
-1.4267879 0.2947681 -0.94084626
-1.4242632 0.29607922 -0.93696195
-1.4285756 0.31226397 -0.95026165
-1.4149528 0.30500561 -0.9448356
-1.4191561 0.32568932 -0.94484079
-1.4186177 0.32858732 -0.93137616
-1.4062477 0.32911536 -0.93773293
-1.4079146 0.33924189 -0.93261641
-1.4044017 0.34382883 -0.926094
-1.4096826 0.35854971 -0.93353522
-1.4085027 0.37912729 -0.9284305
-1.4042493 0.38549134 -0.92503613
-1.3794338 0.36558136 -0.92497975
-1.3826816 0.38494235 -0.9159978
-1.3635317 0.379044 -0.91951841
-1.3836079 0.38960236 -0.92060941
-1.3829243 0.37800401 -0.91880238
-1.3777105 0.39234978 -0.92149687
-1.377992 0.40737927 -0.92417163
-1.383608 0.41915569 -0.91868776
-1.3922502 0.41800645 -0.92098606
-1.3928977 0.41425997 -0.91838104
-1.3875222 0.41659772 -0.9140445
-1.3865056 0.42604005 -0.91724867
-1.3906288 0.44297144 -0.91107255
-1.3909221 0.4352659 -0.91214341
-1.3984131 0.42489514 -0.91042781
-1.3964133 0.42458236 -0.90908909
-1.3959597 0.42578235 -0.90922016
-1.4094094 0.43460798 -0.90938556
-1.4050473 0.44054759 -0.91446877
-1.4073373 0.44424161 -0.91512537
-1.4209831 0.45311958 -0.92385066
-1.4323155 0.45275086 -0.91658688
-1.4180708 0.45283788 -0.91244525
-1.4121475 0.45361957 -0.91685498
-1.4153289 0.4593299 -0.91837507
-1.4152926 0.4635804 -0.92103267
-1.4181739 0.47024041 -0.90786868
-1.4238327 0.48149619 -0.91159534
-1.4211174 0.49197978 -0.90931123
-1.4252594 0.50051439 -0.90589321
-1.4205124 0.50449657 -0.90230167
-1.4187379 0.51894277 -0.90796483
-1.4202203 0.52918196 -0.91743791
-1.4230963 0.52664328 -0.90313125
-1.4290674 0.52134132 -0.91096884
-1.4313449 0.53156126 -0.9050734
-1.4234368 0.52100813 -0.91390079
-1.4296526 0.53024083 -0.90258294
-1.4389082 0.52848154 -0.89770997
-1.4310614 0.52545172 -0.9006384
-1.4427058 0.54160815 -0.90330535
-1.4346483 0.54929686 -0.89492768
-1.4371701 0.55145806 -0.89613312
-1.4286054 0.55468524 -0.9010123
-1.4186535 0.56335688 -0.90782881
-1.4099195 0.57041037 -0.89519495
-1.3952283 0.56568938 -0.90567833
-1.3907838 0.52462167 -0.90155721
-1.4120302 0.52938074 -0.89774609
-1.4015681 0.52926791 -0.90310627
-1.3830649 0.50335288 -0.90582424
-1.3871216 0.5101819 -0.90677613
-1.3767737 0.50159764 -0.90949303
-1.3805215 0.51301712 -0.91287869
-1.3621866 0.48829249 -0.91621101
-1.3563055 0.50692827 -0.91051519
-1.3291528 0.38113901 -0.90705937
-1.3104638 0.33437312 -0.90172869
-1.3087333 0.28940251 -0.91926825
-1.3091439 0.2647827 -0.92669564
-1.3129523 0.2503967 -0.94004375
-1.316581 0.2437337 -0.92871761
-1.3207971 0.25112393 -0.9382596
-1.3169627 0.25868702 -0.94699782
-1.320467 0.27201003 -0.93827486
-1.3240883 0.28313085 -0.95112509
-1.3246248 0.29075223 -0.94369388
-1.3283111 0.30642989 -0.94258773
-1.327589 0.32330862 -0.94488722
-1.3243909 0.329025 -0.94433457
-1.3192755 0.3359924 -0.94185674
-1.3134184 0.34776607 -0.95481378
-1.3117293 0.34859097 -0.94612509
-1.3151828 0.35372758 -0.94049519
-1.3156688 0.36678347 -0.94020724
-1.3110971 0.37838873 -0.94337094
-1.3123736 0.38349375 -0.93521392
-1.3096796 0.38756612 -0.93546188
-1.3059794 0.39967394 -0.92473954
-1.3091451 0.40583879 -0.92477
-1.3050556 0.41909829 -0.92896616
-1.3066808 0.42453 -0.9239738
-1.3043301 0.42981401 -0.92111045
-1.3065114 0.43471017 -0.91643387
-1.3063154 0.4392485 -0.92750311
-1.3018454 0.4400188 -0.92635512
-1.2992268 0.4395647 -0.92236269
-1.3007435 0.44503194 -0.92877734
-1.2947638 0.45018488 -0.92444301
-1.2964567 0.45669863 -0.93188131
-1.3004546 0.46418488 -0.9284333
-1.297938 0.47404277 -0.9183076
-1.295585 0.47649747 -0.92322934
-1.2977327 0.48783633 -0.92252344
-1.3472978 0.50384229 -0.92217851
-1.302809 0.51373208 -0.92888552
-1.3044451 0.51995051 -0.92063648
-1.3009906 0.52497089 -0.9319275
-1.295869 0.52989912 -0.92231345
-1.2963283 0.53208047 -0.93213665
-1.2949803 0.53439325 -0.93362099
-1.2975837 0.53465366 -0.93714261
-1.2937154 0.53591746 -0.93022048
-1.2999077 0.53466719 -0.92573172
-1.2874798 0.54018217 -0.93210173
-1.2922748 0.5470137 -0.93178207
-1.2982171 0.55295438 -0.91867882
-1.2999828 0.55748188 -0.92659378
-1.3012806 0.5611425 -0.92715806
-1.3011167 0.568039 -0.928267
-1.2955406 0.57375658 -0.93168616
-1.2608029 0.57746577 -0.93122882
-1.2886509 0.5859226 -0.9255209
-1.2911351 0.59053379 -0.91096735
-1.2918464 0.59299856 -0.91653919
-1.2925529 0.60011673 -0.918971
-1.2908169 0.60394931 -0.91132832
-1.2935363 0.61012918 -0.90806389
-1.2970914 0.61626273 -0.90922409
-1.297183 0.62710124 -0.92084163
-1.2974641 0.62757212 -0.92458361
-1.2877427 0.61109626 -0.91730016
-1.2924726 0.6389696 -0.92383349
-1.2954066 0.64480281 -0.92467123
-1.2942486 0.64590085 -0.91284764
-1.2911583 0.65236747 -0.91630054
-1.2911898 0.65430701 -0.91747034
-1.2994052 0.6571269 -0.92296249
-1.3025302 0.66094351 -0.91697937
-1.3044456 0.65811384 -0.9151051
-1.304159 0.66207129 -0.91591811
-1.3027501 0.66597879 -0.91461927
-1.3086625 0.67180854 -0.91865182
-1.3103757 0.67931509 -0.92242706
-1.3105112 0.6842733 -0.92278802
-1.3136047 0.69279706 -0.9176299
-1.3165575 0.69780463 -0.91713238
-1.3187183 0.70406091 -0.92574221
-1.3196763 0.71160054 -0.92630571
-1.3203334 0.71342874 -0.92498147
-1.3256042 0.72129977 -0.91594064
-1.3282397 0.72825444 -0.92705017
-1.3267423 0.73231047 -0.9186452
-1.3290535 0.74037784 -0.8928377
-1.3296392 0.74413711 -0.87463337
-1.3273869 0.75832033 -0.86839646
-1.3276825 0.76441312 -0.84896672
-1.3316576 0.76793796 -0.85664314
-1.3310443 0.77173722 -0.86282372
-1.3354615 0.77893943 -0.86074483
-1.3308549 0.78394699 -0.85511136
-1.3319403 0.79034305 -0.84967452
-1.3332607 0.79204619 -0.85804254
-1.337471 0.7888422 -0.85101235
-1.3423235 0.78730696 -0.8463915
-1.3469366 0.78611541 -0.84685427
-1.3505617 0.78774542 -0.84148985
-1.3518561 0.7909984 -0.85023332
-1.3513607 0.79552627 -0.8575666
-1.3566074 0.80369145 -0.84557492
-1.3555659 0.80528748 -0.84790707
-1.3600637 0.80820984 -0.84078515
-1.3598679 0.81125879 -0.84181803
-1.3626859 0.81279218 -0.84099573
-1.3628967 0.81558472 -0.85102588
-1.3683286 0.82055503 -0.84842467
-1.3732078 0.82387745 -0.844329
-1.3709556 0.82370174 -0.84291601
-1.3753996 0.82922751 -0.83866233
-1.376434 0.83239645 -0.83606744
-1.3805977 0.83510751 -0.84653181
-1.3825195 0.84168667 -0.83429289
-1.3816227 0.84571779 -0.83407634
-1.384642 0.85182732 -0.83578664
-1.3817457 0.85416627 -0.84552306
-1.3865075 0.86297131 -0.846322
-1.3846214 0.86750281 -0.83813882
-1.3851585 0.86927617 -0.83001333
-1.3854818 0.87340927 -0.83909255
-1.387516 0.8784166 -0.83981305
-1.3883733 0.87897241 -0.83157355
-1.3883706 0.88027298 -0.83602279
-1.3883488 0.88685662 -0.83773881
-1.3905983 0.89032781 -0.84329194
-1.3905098 0.89597368 -0.85419893
-1.3921367 0.90105861 -0.83951318
-1.3897511 0.90260017 -0.83927065
-1.3902217 0.90437144 -0.83303452
-1.3923322 0.9064914 -0.83714557
-1.3938954 0.91189516 -0.83706248
-1.3959329 0.91521448 -0.82705766
-1.3946861 0.92386085 -0.82891911
-1.3981193 0.92906511 -0.82905138
-1.3989516 0.93484575 -0.83333665
-1.4002261 0.93484759 -0.82674444
-1.3971848 0.93448383 -0.83431411
-1.3951913 0.93019909 -0.83402961
-1.3964226 0.92989206 -0.82497758
-1.3963928 0.93021107 -0.82239568
-1.3951206 0.93599892 -0.83392549
-1.3973544 0.93931156 -0.8272993
-1.395867 0.94309491 -0.83388072
-1.4005021 0.94463319 -0.83126098
-1.4004294 0.94560504 -0.82452303
-1.4005915 0.94601053 -0.82672745
-1.398265 0.95121139 -0.82364136
-1.3985715 0.95726073 -0.829252
-1.3961738 0.96144813 -0.82382876
-1.3971282 0.96491575 -0.82338881
-1.3983307 0.97053713 -0.82883829
-1.4026884 0.97403711 -0.8233
-1.4001784 0.97627944 -0.83548158
-1.4017204 0.97983563 -0.82617044
-1.4030315 0.9832136 -0.82665497
-1.4062682 0.98656636 -0.82775003
-1.4062766 0.98945743 -0.82367635
-1.4076409 0.99326974 -0.82554567
-1.4094751 0.99801469 -0.82425982
-1.4082892 1.0012276 -0.82813758
-1.4104515 1.0089358 -0.82311487
-1.4131451 1.0093685 -0.8124525
-1.414498 1.0125232 -0.80397457
-1.4143343 1.0123866 -0.79732728
-1.4154887 1.0187891 -0.80843824
-1.4173571 1.0213141 -0.80824512
-1.4194021 1.0251107 -0.79943168
-1.4222735 1.0315195 -0.80522835
-1.4171617 1.0302767 -0.80421692
-1.4174858 1.0321373 -0.81285107
-1.4178845 1.03467 -0.81668049
-1.4189711 1.0386744 -0.81264907
-1.4197711 1.0440602 -0.80750531
-1.4191687 1.0483789 -0.79962492
-1.4217948 1.05606 -0.80457729
-1.4226146 1.0557855 -0.80146444
-1.4210342 1.0566397 -0.800538
-1.4202482 1.0618281 -0.80102283
-1.4223839 1.0631791 -0.80009168
-1.4228257 1.0669781 -0.79251534
-1.4247729 1.0670408 -0.80328393
-1.4283214 1.0721785 -0.79317498
-1.4276197 1.0761243 -0.79714674
-1.4289246 1.0820227 -0.79254049
-1.431146 1.0833144 -0.80218333
-1.4308302 1.084676 -0.80478173
-1.4315029 1.0915658 -0.80451202
-1.4335651 1.0942693 -0.80328298
-1.4316341 1.096697 -0.79631895
-1.4333273 1.1012266 -0.80342299
-1.4317546 1.1047444 -0.80504984
-1.4316058 1.1080506 -0.80831313
-1.4334146 1.1118267 -0.8021239
-1.4334679 1.1156751 -0.80613989
-1.4335321 1.1202241 -0.80181253
-1.4314008 1.1221184 -0.80378735
-1.4348716 1.1290065 -0.80049741
-1.4362724 1.1329763 -0.78407478
-1.4369701 1.1348714 -0.78128654
-1.435697 1.1388819 -0.78376704
-1.4376782 1.1428131 -0.78707671
-1.4378369 1.1445554 -0.79518056
-1.4370946 1.1482586 -0.79410577
-1.4365143 1.152994 -0.79800093
-1.4366387 1.155509 -0.79959667
-1.434827 1.1574409 -0.80039209
-1.4360166 1.1628381 -0.79297161
-1.4353794 1.1654314 -0.79741102
-1.432935 1.1654633 -0.79744786
-1.4339392 1.1693001 -0.7923727
-1.4340732 1.1706649 -0.78331643
-1.434595 1.1731691 -0.78958583
-1.4353205 1.1767026 -0.77490377
-1.4320378 1.1810821 -0.7696954
-1.4305909 1.1815021 -0.77084208
-1.4299036 1.1849537 -0.76425582
-1.4298301 1.1877614 -0.7725752
-1.4293634 1.1920075 -0.77155077
-1.4255632 1.195744 -0.77235317
-1.4225928 1.2007242 -0.77374965
-1.4212525 1.2053611 -0.77364969
-1.4199462 1.209296 -0.77694678
-1.4191841 1.2147973 -0.77263743
-1.4179561 1.2211614 -0.77419502
-1.4171574 1.2244865 -0.77159584
-1.4179317 1.2311491 -0.77185112
-1.4176818 1.2337365 -0.77214193
-1.4176362 1.2363617 -0.76784128
-1.4164211 1.2381468 -0.76304966
-1.4162805 1.2416152 -0.75341284
-1.4165653 1.2471796 -0.74938709
-1.4164531 1.2500063 -0.75203079
-1.4160419 1.2532655 -0.74521506
-1.4175298 1.2586018 -0.74259967
-1.4160897 1.2658335 -0.76529217
-1.4143717 1.2691566 -0.76282185
-1.4149221 1.2714906 -0.75903606
-1.414945 1.2781413 -0.74551469
-1.4147651 1.2842494 -0.74809134
-1.4192318 1.2884974 -0.75623769
-1.4187982 1.2938272 -0.7590633
-1.4184697 1.2962836 -0.76219434
-1.4185517 1.2987761 -0.76296759
-1.4198661 1.3033335 -0.75614548
-1.4222839 1.3091162 -0.74805772
-1.4240332 1.310223 -0.73988718
-1.4239124 1.312608 -0.74427563
-1.4222679 1.3173476 -0.73548192
-1.4194345 1.3205537 -0.73597878
-1.4203304 1.3237823 -0.74166572
-1.4203234 1.3305684 -0.74980354
-1.4180223 1.3356698 -0.74361497
-1.4183853 1.3388399 -0.74137717
-1.418188 1.3425578 -0.74255091
-1.4183079 1.3452685 -0.74382508
-1.4201043 1.3489193 -0.74242765
-1.4232823 1.3512217 -0.7308709
-1.4222281 1.3557674 -0.7336719
-1.4241079 1.3582044 -0.73245752
-1.4220997 1.3630865 -0.73586488
-1.4204876 1.3698021 -0.73905569
-1.420541 1.3725806 -0.72540462
-1.4207904 1.3756028 -0.73157102
-1.4191948 1.3798039 -0.72917771
-1.4156159 1.3857952 -0.72378081
-1.4168758 1.3896372 -0.73137516
-1.4165981 1.3920242 -0.72524893
-1.4142293 1.3957568 -0.733935
-1.4120264 1.39957 -0.72893226
-1.4112509 1.4014572 -0.73582768
-1.4131234 1.4063332 -0.73244298
-1.4123365 1.412349 -0.7330181
-1.4132195 1.4183046 -0.73476231
-1.4145857 1.4210836 -0.73821074
-1.4152259 1.4283338 -0.74445987
-1.4158626 1.4327986 -0.74096316
-1.4179528 1.4350666 -0.73729444
-1.4180194 1.4389993 -0.73670071
-1.4183519 1.4444523 -0.73472404
-1.4182295 1.4493496 -0.73313284
-1.41871 1.4529365 -0.74130076
-1.4211982 1.4572501 -0.74178213
-1.4228678 1.4577068 -0.74747139
-1.4216859 1.4626969 -0.74723482
-1.4222635 1.465942 -0.75024617
-1.4231913 1.4704707 -0.74993467
-1.423351 1.473749 -0.75556815
-1.4221185 1.477852 -0.74698085
-1.4235605 1.4817683 -0.74955708
-1.4208013 1.4898336 -0.73708183
-1.421666 1.4955328 -0.74242693
-1.4197682 1.4995193 -0.74170381
-1.4193645 1.5031589 -0.73836708
-1.420298 1.5058663 -0.74092793
-1.4164207 1.5105354 -0.7382524
-1.4164371 1.5142511 -0.73612338
-1.4176753 1.5189855 -0.73795825
-1.4160066 1.5244756 -0.73775953
-1.4158127 1.5278946 -0.73992974
-1.416768 1.5318798 -0.74190599
-1.4189045 1.5346313 -0.74378353
-1.4185069 1.5393155 -0.73698181
-1.4185673 1.5424017 -0.73065364
-1.4192746 1.5466727 -0.73670536
-1.418093 1.5500576 -0.73861796
-1.4172909 1.5548655 -0.74016118
-1.4163973 1.5593941 -0.7393285
-1.4146857 1.5658113 -0.74942303
-1.4140228 1.5688845 -0.74987638
-1.4123306 1.5746244 -0.74166697
-1.4120135 1.5771499 -0.74908543
-1.4116586 1.5838356 -0.74968076
-1.4093777 1.5834254 -0.74347323
-1.4083487 1.5881981 -0.73645043
-1.4077284 1.5923426 -0.74302548
-1.4072337 1.5959283 -0.74394238
-1.4088099 1.5994534 -0.74048275
-1.4079453 1.6054437 -0.74560744
-1.4076126 1.6098205 -0.73833907
-1.4046849 1.6135908 -0.74249923
-1.4041764 1.6188061 -0.74842209
-1.4029397 1.62178 -0.74813789
-1.4012327 1.6272062 -0.73681504
-1.4025908 1.6279951 -0.72662652
-1.4000728 1.6323261 -0.73356557
-1.3986447 1.6364093 -0.72966367
-1.3977103 1.6394408 -0.72869545
-1.3978181 1.645382 -0.72862196
-1.3979629 1.6496782 -0.72343278
-1.3989403 1.6511431 -0.71098161
-1.4008704 1.6553947 -0.72153175
-1.4015908 1.6607881 -0.71492434
-1.4006857 1.6653982 -0.71680725
-1.3981662 1.6694916 -0.71811587
-1.3985152 1.6711171 -0.71547598
-1.3979508 1.676006 -0.71879143
-1.3979901 1.6824613 -0.7141273
-1.3996069 1.6814785 -0.71056026
-1.3976959 1.6858097 -0.70457923
-1.3983847 1.6921402 -0.70760709
-1.3941052 1.6954732 -0.70037133
-1.3919504 1.7004272 -0.69825029
-1.3918462 1.7058754 -0.69940734
-1.391337 1.7091378 -0.6806826
-1.3933403 1.7117193 -0.68991512
-1.3931843 1.7146797 -0.6966154
-1.3958099 1.7195424 -0.6882841
-1.3937941 1.7218678 -0.68819696
-1.3938559 1.7255175 -0.68850052
-1.3938035 1.7323934 -0.67657554
-1.3934835 1.7341335 -0.67722607
-1.3907609 1.7387731 -0.6732747
-1.3902079 1.7425652 -0.67253155
-1.3926829 1.7454591 -0.6567384
-1.3916192 1.7476131 -0.65163422
-1.3930601 1.7515845 -0.63516319
-1.3913066 1.7574276 -0.63933164
-1.3916919 1.7594774 -0.61907923
-1.390606 1.762363 -0.60621792
-1.3925204 1.7659826 -0.57904005
-1.3945159 1.7667574 -0.54586399
-1.3934181 1.7696141 -0.52025068
-1.3940082 1.7722483 -0.49973425
-1.395448 1.7743719 -0.47840363
-1.3957332 1.7774922 -0.47849274
-1.3947496 1.7834671 -0.46207553
-1.3948346 1.7871895 -0.45599607
-1.39048 1.7920482 -0.44442773
-1.3886908 1.7934958 -0.43496448
-1.3850627 1.7978491 -0.43586275
-1.3829904 1.8014203 -0.43392098
-1.380659 1.8057983 -0.43181056
-1.3801594 1.8100004 -0.42649433
-1.3823477 1.8140914 -0.43928701
-1.3829319 1.8187287 -0.42745981
-1.3831991 1.8238387 -0.42459041
-1.3799596 1.8301451 -0.42553216
-1.3750329 1.8307329 -0.4277716
-1.3746148 1.8345242 -0.41251299
-1.3738569 1.8380727 -0.42602372
-1.373413 1.8415531 -0.426893
-1.3751744 1.8426843 -0.42584628
-1.3771188 1.8492205 -0.41778025
-1.3741609 1.8520064 -0.42664859
-1.3688492 1.8540943 -0.42237997
-1.3670542 1.8575052 -0.41131118
-1.3640398 1.8607974 -0.4193894
-1.3620005 1.8651085 -0.4104225
-1.3576883 1.8694323 -0.40782571
-1.3560051 1.8753177 -0.40684569
-1.3522699 1.8821949 -0.40816984
-1.3495327 1.8855675 -0.40209484
-1.3446283 1.8911434 -0.40994155
-1.3406996 1.8951224 -0.40764093
-1.337829 1.8992603 -0.39845046
-1.334813 1.9016892 -0.39532611
-1.3392748 1.9031167 -0.40898323
-1.3376292 1.9058027 -0.40609524
-1.343227 1.9098176 -0.40739304
-1.3460791 1.9146067 -0.40057647
-1.3430612 1.9168833 -0.40133584
-1.3439344 1.9206544 -0.39134464
-1.3430898 1.9230001 -0.39461672
-1.3469657 1.9250993 -0.38790566
-1.3432144 1.9294915 -0.3861917
-1.339547 1.9339865 -0.3911885
-1.3383145 1.9392027 -0.40271232
-1.3369083 1.9418811 -0.39190605
-1.334084 1.9450941 -0.38940641
-1.333737 1.9473795 -0.38435531
-1.3300623 1.9538187 -0.38232681
-1.332495 1.9562359 -0.38048598
-1.3336767 1.9629819 -0.39391413
-1.3349445 1.9692451 -0.38711089
-1.3332295 1.9739982 -0.38887769
-1.3352494 1.9774011 -0.39364588
-1.3386867 1.9823122 -0.39410198
-1.3370525 1.9865003 -0.40133578
-1.3335263 1.9907684 -0.40081811
-1.3344221 1.9933614 -0.39009264
-1.3289857 1.9941274 -0.38275954
-1.3286879 1.9958105 -0.3837238
-1.3275411 2.0000842 -0.3866123
-1.3245015 2.0025187 -0.38240367
-1.3272926 2.0075712 -0.37267309
-1.3271358 2.0100229 -0.36825421
-1.3273989 2.0138187 -0.37723532
-1.3294965 2.0169661 -0.37842184
-1.3314426 2.0193293 -0.37587255
-1.3341284 2.0239818 -0.37896383
-1.3285874 2.0267088 -0.38179395
-1.3277211 2.029969 -0.37332046
-1.3343476 2.0335162 -0.37465897
-1.3338366 2.0388401 -0.37542999
-1.3377585 2.042104 -0.37733474
-1.3359988 2.044431 -0.3711943
-1.3445587 2.0489929 -0.37600276
-1.3429601 2.0542049 -0.36521411
-1.3356668 2.057126 -0.3667396
-1.3358296 2.0616558 -0.36094207
-1.3320475 2.0645511 -0.35212722
-1.3313841 2.0692196 -0.36709899
-1.3300804 2.0745173 -0.36767474
-1.3277986 2.0817611 -0.37511665
-1.330588 2.0884058 -0.37129423
-1.3304238 2.0937247 -0.38557407
-1.3299856 2.1005986 -0.38205352
-1.3353143 2.1070955 -0.38007727
-1.3360237 2.1122968 -0.37116376
-1.3309138 2.1146281 -0.37374422
-1.3259091 2.1165516 -0.37569103
-1.326841 2.1206872 -0.36803049
-1.3239239 2.1247582 -0.36699876
-1.3248286 2.1300359 -0.37727475
-1.3207456 2.1330779 -0.36678901
-1.3218307 2.1372006 -0.3669312
-1.3157966 2.140933 -0.36929721
-1.318172 2.1452236 -0.3685185
-1.3169268 2.1495514 -0.37230861
-1.3172563 2.1540647 -0.37535325
-1.3158498 2.1588604 -0.37941584
-1.3183967 2.1639924 -0.38118085
-1.3201988 2.1670985 -0.38333806
-1.3216292 2.1673136 -0.38026676
-1.3194567 2.1706846 -0.3797749
-1.3285712 2.1774819 -0.37491783
-1.3322991 2.1819854 -0.38312379
-1.3373783 2.1891806 -0.37056729
-1.33726 2.1895156 -0.37237957
-1.3367782 2.1913533 -0.36678442
-1.3376378 2.1937318 -0.38068271
-1.3373023 2.1975844 -0.37700796
-1.3344792 2.2013388 -0.38539299
-1.3338977 2.2037494 -0.3788861
-1.3334239 2.2112734 -0.38511294
-1.3330816 2.212033 -0.38206378
-1.3301259 2.2169988 -0.38267398
-1.3297094 2.2215967 -0.38169578
-1.3329291 2.2259507 -0.37923241
-1.3364487 2.232465 -0.3839924
-1.3341233 2.2393003 -0.3814798
-1.3404393 2.247088 -0.37938434
-1.3384788 2.2520118 -0.37795836
-1.340533 2.2581787 -0.37705255
-1.3395467 2.265686 -0.3856996
-1.339202 2.2707984 -0.37816194
-1.3427749 2.275598 -0.37431327
-1.3464053 2.2807658 -0.37343976
-1.3454165 2.2866323 -0.37959149
-1.3479279 2.2909579 -0.38506678
-1.3448365 2.2902641 -0.38666832
-1.3447683 2.2939923 -0.38520122
-1.3442061 2.2917969 -0.38913065
-1.343722 2.2919869 -0.38351482
-1.3464314 2.295285 -0.38654712
-1.3482115 2.3010266 -0.38503185
-1.3471233 2.3051946 -0.38469887
-1.3506769 2.3125474 -0.38363251
-1.3535718 2.3177772 -0.38491523
-1.3506254 2.320507 -0.38694313
-1.353364 2.3269827 -0.39091969
-1.3530167 2.3293293 -0.38336211
-1.3522251 2.3318841 -0.38440987
-1.3526049 2.3389559 -0.37696087
-1.3559711 2.3436084 -0.37936646
-1.3553697 2.3450747 -0.38177505
-1.3550173 2.3469412 -0.37192309
-1.3536638 2.3476558 -0.36837524
-1.3559107 2.3531165 -0.3691909
-1.3542591 2.3570991 -0.37145901
-1.3533231 2.3628645 -0.3771672
-1.3517586 2.3678126 -0.37133461
-1.3512958 2.3696158 -0.38360465
-1.3501956 2.3758168 -0.38478604
-1.3515307 2.3792949 -0.37423104
-1.3476616 2.3799269 -0.37859026
-1.3478824 2.3833587 -0.38037032
-1.3483477 2.3878226 -0.36981571
-1.3499563 2.3920906 -0.3774879
-1.3527151 2.3962574 -0.38558352
-1.3519118 2.4000835 -0.38206738
-1.3538721 2.4038835 -0.36495426
-1.3578094 2.4066937 -0.37620443
-1.357079 2.4098907 -0.37485102
-1.3567997 2.4161668 -0.37263539
-1.3549765 2.4178972 -0.37405062
-1.3574444 2.422853 -0.37279069
-1.357253 2.425627 -0.375218
-1.3598497 2.42904 -0.36919564
-1.3572371 2.4317203 -0.37874326
-1.3588303 2.4354446 -0.38089526
-1.3603332 2.4336534 -0.37902898
-1.3611008 2.437942 -0.36655626
-1.3637904 2.4448531 -0.36826164
-1.3653855 2.4460933 -0.36860451
-1.3614061 2.4517393 -0.36730441
-1.3615234 2.4541976 -0.36544681
-1.3631793 2.4559288 -0.36200762
-1.365057 2.4634798 -0.36740896
-1.3684789 2.4674945 -0.36593407
-1.3676569 2.4732053 -0.37875405
-1.3690985 2.4760661 -0.37491739
-1.369244 2.47735 -0.37279233
-1.3680351 2.4822853 -0.37407583
-1.3689576 2.4877474 -0.37277153
-1.3670214 2.4909616 -0.37600151
-1.3654172 2.4941783 -0.37008423
-1.365261 2.4988904 -0.37023643
-1.366685 2.5022323 -0.36994988
-1.3673192 2.5086954 -0.36373311
-1.3679736 2.5137625 -0.36990795
-1.3653018 2.5189855 -0.36572093
-1.3656864 2.5269523 -0.36945426
-1.3648676 2.532032 -0.36970338
-1.3679465 2.5356972 -0.3662051
-1.3681298 2.5400853 -0.36503363
-1.3701725 2.5424864 -0.36337611
-1.3702117 2.5440488 -0.36285448
-1.3689998 2.5470181 -0.36472455
-1.3702145 2.5473752 -0.35550061
-1.3675383 2.5513208 -0.36565652
-1.3684461 2.5538812 -0.3624973
-1.3663144 2.5577791 -0.35909626
-1.3665246 2.5614855 -0.36748114
-1.3678483 2.562052 -0.37349615
-1.3694992 2.5675042 -0.36513224
-1.3719023 2.5698791 -0.35628858
-1.3743491 2.5726852 -0.36347631
-1.3750426 2.5746219 -0.36541247
-1.3757057 2.5819979 -0.36819994
-1.3807756 2.5841107 -0.36094633
-1.3824283 2.5861278 -0.36355647
-1.384198 2.590591 -0.36326694
-1.3819327 2.5958676 -0.36530972
-1.3835829 2.598726 -0.35672563
-1.3832241 2.6066966 -0.36223015
-1.3851106 2.6075139 -0.35938865
-1.3839545 2.6159244 -0.36384064
-1.3843379 2.6204412 -0.36422074
-1.3810149 2.6281145 -0.36591965
-1.3839974 2.6301813 -0.3622922
-1.3831394 2.6339509 -0.36937347
-1.3861039 2.6363678 -0.36404338
-1.3826035 2.6403575 -0.36593401
-1.3854567 2.646843 -0.36026689
-1.3852017 2.6522572 -0.36327428
-1.3863877 2.6545396 -0.36944517
-1.3884212 2.6582198 -0.36562541
-1.3890636 2.6630971 -0.36864188
-1.3868043 2.6698823 -0.3784335
-1.3872049 2.6775496 -0.36626524
-1.3868847 2.6848378 -0.35918641
-1.3890874 2.6871021 -0.35481149
-1.3931388 2.687001 -0.3644928
-1.3952572 2.6939068 -0.35956296
-1.397213 2.6931956 -0.35817534
-1.4007164 2.698339 -0.35652477
-1.4032946 2.7047317 -0.35038203
-1.4002268 2.7095945 -0.36002079
-1.4022776 2.7119422 -0.36323979
-1.4009054 2.7182055 -0.36143002
-1.3996655 2.7213838 -0.36287406
-1.3972783 2.725282 -0.36373192
-1.3974788 2.7313399 -0.36652729
-1.3964367 2.7349198 -0.35493883
-1.3971905 2.7392967 -0.36642036
-1.398077 2.7434375 -0.36026418
-1.3975841 2.7484853 -0.35373566
-1.3957882 2.750643 -0.35867998
-1.3943864 2.756999 -0.36331224
-1.3936269 2.7613657 -0.36004284
-1.39121 2.7647409 -0.36009216
-1.3890446 2.7681355 -0.35515687
-1.3885295 2.7712276 -0.35715666
-1.3886284 2.7745287 -0.35381079
-1.3877486 2.776361 -0.3599256
-1.3838586 2.7795691 -0.36101374
-1.3853024 2.7816076 -0.35866538
-1.3870102 2.788626 -0.36326036
-1.3871903 2.7920146 -0.36107862
-1.3863723 2.7953367 -0.3558116
-1.3858782 2.7999852 -0.3585341
-1.3847064 2.8052366 -0.35723329
-1.3814439 2.8063748 -0.35892531
-1.3815143 2.8094614 -0.35639241
-1.3819715 2.8112741 -0.35192618
-1.3820364 2.8131611 -0.35011235
-1.3806574 2.8189991 -0.35960916
-1.3835801 2.8221004 -0.35607287
-1.3808429 2.8221967 -0.36635259
-1.3793461 2.8225749 -0.36499843
-1.3793325 2.8283668 -0.36014518
-1.3806115 2.8308308 -0.35743409
-1.3799806 2.8354006 -0.35817832
-1.3812038 2.8378153 -0.36084694
-1.3821449 2.8410742 -0.36770988
-1.3800658 2.8456833 -0.37538886
-1.382447 2.8480506 -0.36670086
-1.384077 2.8556371 -0.37508819
-1.3838041 2.8587472 -0.37761188
-1.3847864 2.8599389 -0.38028896
-1.3835064 2.8637877 -0.37929326
-1.3847218 2.8663864 -0.38327527
-1.3844171 2.8695028 -0.38730824
-1.3831488 2.8757446 -0.37620559
-1.3834823 2.8803596 -0.36832041
-1.3817015 2.8892915 -0.37304631
-1.3808628 2.8908863 -0.36995685
-1.3796456 2.8956397 -0.37163317
-1.3800269 2.8977854 -0.36640206
-1.3771667 2.9012575 -0.37095931
-1.3782172 2.9076946 -0.3631773
-1.3793787 2.9103832 -0.36242282
-1.3795604 2.9178977 -0.3659316
-1.378822 2.9213355 -0.37186912
-1.3780391 2.9257298 -0.36007199
-1.3777283 2.9316118 -0.36400411
-1.3777455 2.9391847 -0.36380482
-1.3744003 2.9441681 -0.36231491
-1.3727145 2.9491715 -0.35669529
-1.3726017 2.9537909 -0.36875409
-1.374374 2.9572735 -0.36274546
-1.3771993 2.9584916 -0.36213231
-1.3762745 2.9612298 -0.35974833
-1.3778405 2.9629838 -0.36504784
-1.3764983 2.9650097 -0.37108335
-1.3774738 2.9684968 -0.37790829
-1.3801712 2.9689779 -0.3810032
-1.3797208 2.9747417 -0.3765339
-1.3771311 2.9807858 -0.38297778
-1.3795971 2.9841576 -0.38105243
-1.3807535 2.9880047 -0.38805526
-1.3812424 2.9901781 -0.38120037
-1.3794698 2.9944601 -0.38304931
-1.3804706 2.9953783 -0.38543549
-1.3784148 2.9983218 -0.38253269
-1.3776327 3.0048192 -0.38186821
-1.3797101 3.0098932 -0.37915424
-1.3736851 3.0164135 -0.3833769
-1.3737435 3.0207686 -0.38516772
-1.3709705 3.0258889 -0.38122353
-1.3716757 3.0275841 -0.38365403
-1.3713311 3.031214 -0.37645078
-1.3710238 3.0358338 -0.37454593
-1.3697704 3.0429552 -0.37616399
-1.3716168 3.0456326 -0.37747124
-1.3669679 3.0501883 -0.37909508
-1.365507 3.0555634 -0.37676051
-1.3655425 3.0553429 -0.38496512
-1.3670698 3.0589674 -0.37839741
-1.3655102 3.0630655 -0.37626705
-1.3631917 3.0708737 -0.37436801
-1.3628439 3.0764945 -0.37403244
-1.3597208 3.0809071 -0.38410458
-1.3582268 3.0846176 -0.37854844
-1.3569241 3.0882206 -0.38433409
-1.3578945 3.0942729 -0.38928363
-1.3548858 3.0984542 -0.39181155
-1.352209 3.103586 -0.38943818
-1.3500931 3.1043882 -0.37959406
-1.3480142 3.1089263 -0.3752757
-1.3442831 3.1126251 -0.3765527
-1.3396637 3.1171293 -0.37734663
-1.3394723 3.119885 -0.36978841
-1.3376766 3.1216822 -0.3662762
-1.3370301 3.1264889 -0.36968058
-1.3367325 3.1283672 -0.36980811
-1.3345375 3.1333988 -0.36540282
-1.3351091 3.1362286 -0.36543831
-1.3392339 3.1405175 -0.36380279
-1.3378936 3.1463752 -0.3592262
-1.3370986 3.1479371 -0.35914585
-1.3368257 3.1552103 -0.36618084
-1.3365982 3.1562464 -0.36477727
-1.3334702 3.1594605 -0.37236142
-1.3273979 3.1627915 -0.37331715
-1.3234988 3.1664505 -0.37911651
-1.317837 3.1727722 -0.37996063
-1.3218464 3.1740773 -0.37653857
-1.3252209 3.1783855 -0.38801932
-1.3256509 3.1821558 -0.38069442
-1.3236308 3.1884122 -0.37604365
-1.3206981 3.1917589 -0.36749083
-1.3152959 3.1977909 -0.37579435
-1.3095129 3.2028716 -0.37668648
-1.3081239 3.2033832 -0.37301457
-1.3039796 3.2056174 -0.37847641
-1.3030119 3.2073379 -0.38677046
-1.2991506 3.2122793 -0.38099486
-1.2937819 3.2188499 -0.39150971
-1.2882148 3.2236533 -0.38991362
-1.2870142 3.2304766 -0.38999543
-1.2776148 3.2375088 -0.39940885
-1.2838947 3.2421324 -0.39131513
-1.2868106 3.2480593 -0.39316359
-1.2988491 3.2494109 -0.39793354
-1.3042189 3.2542784 -0.39802748
-1.3056631 3.2564352 -0.40269476
-1.3056322 3.2596605 -0.40094045
-1.3069968 3.263298 -0.4076587
-1.3003063 3.2659314 -0.40160564
-1.2942412 3.2679048 -0.41401204
-1.2827252 3.2691424 -0.41747305
-1.2757864 3.2712479 -0.42744473
-1.2707254 3.2759616 -0.42037106
-1.2721343 3.2794147 -0.42820528
-1.2683533 3.2853801 -0.43466723
-1.2661413 3.2882147 -0.43271986
-1.2697493 3.2930405 -0.43806008
-1.265022 3.2967069 -0.4296858
-1.2642288 3.3015101 -0.44069049
-1.2575812 3.3087199 -0.45696419
-1.2608573 3.3121939 -0.44884396
-1.2635739 3.3152366 -0.4451426
-1.2584418 3.3188539 -0.44366798
-1.2581776 3.3226304 -0.43198475
-1.2610525 3.3248961 -0.4449122
-1.2629914 3.3319643 -0.45429462
-1.2578411 3.3348207 -0.45058241
-1.2543249 3.336293 -0.45333529
-1.2556576 3.3393278 -0.4494639
-1.2563186 3.3430188 -0.44887173
-1.2614553 3.3463929 -0.43209538
-1.2634169 3.3512194 -0.4383311
-1.2637888 3.3561728 -0.43658933
-1.2643905 3.3614047 -0.44836909
-1.2659119 3.3655877 -0.44823328
-1.2691488 3.3722196 -0.44527057
-1.268446 3.3751016 -0.44713855
-1.2700115 3.3787196 -0.43837205
-1.2694609 3.3807554 -0.44659135
-1.2755717 3.3872581 -0.44704723
-1.2791227 3.3899577 -0.46105698
-1.2870494 3.3947372 -0.45774242
-1.2844996 3.4025807 -0.46851331
-1.2856323 3.4064286 -0.48099899
-1.2861428 3.410749 -0.47780019
-1.2856055 3.4122901 -0.48323506
-1.2851028 3.4186041 -0.46926287
-1.2886102 3.4243417 -0.47633097
-1.2853777 3.4279494 -0.46865079
-1.2869649 3.4320757 -0.48030072
-1.2905935 3.4331825 -0.47520873
-1.292526 3.4392965 -0.48152032
-1.295404 3.4451418 -0.49331504
-1.2973144 3.4496639 -0.49784648
-1.3003662 3.4542084 -0.46893829
-1.2994462 3.4575541 -0.47266695
-1.2970604 3.4652448 -0.47325602
-1.2965822 3.4670897 -0.47078493
-1.2992384 3.4696312 -0.47742566
-1.3022865 3.4737704 -0.46578255
-1.2998434 3.4768379 -0.46452409
-1.297822 3.4793231 -0.48214608
-1.3022014 3.4848046 -0.46467641
-1.3030356 3.4889107 -0.46532401
-1.3037277 3.4950051 -0.47539866
-1.3086184 3.4993711 -0.4827072
-1.3064859 3.5085814 -0.4756259
-1.3067466 3.5110166 -0.47996119
-1.3070053 3.517288 -0.47334811
-1.3087127 3.5214887 -0.47186366
-1.3058872 3.5221152 -0.4856182
-1.303367 3.5213425 -0.47873384
-1.3012115 3.5258975 -0.49409151
-1.300525 3.5295703 -0.48316815
-1.3003395 3.5314662 -0.47501743
-1.2970459 3.5336525 -0.47647423
-1.2973022 3.5388019 -0.47075999
-1.2984425 3.5404096 -0.47650757
-1.2975304 3.5466189 -0.47700804
-1.2979288 3.5526543 -0.47573552
-1.2985841 3.5594001 -0.45890573
-1.2998868 3.5648108 -0.46844631
-1.3012484 3.5685966 -0.47842807
-1.3007287 3.5704341 -0.47420606
-1.2992066 3.5719187 -0.47408086
-1.3010851 3.5755556 -0.46472314
-1.3021432 3.5801995 -0.46213755
-1.300707 3.585485 -0.47170964
-1.3030446 3.5876904 -0.46132711
-1.3040068 3.5935738 -0.44562966
-1.3065597 3.5984778 -0.4529745
-1.3111775 3.6010339 -0.43444932
-1.3109432 3.6049094 -0.43457735
-1.3151351 3.6061211 -0.41804034
-1.3130662 3.609211 -0.43389159
-1.3171974 3.6128476 -0.41650695
-1.3156736 3.6174355 -0.40785924
-1.3279762 3.6070371 0.16692571
-1.5237229 3.5412219 3.1147914
-1.7610756 3.4291966 7.1024246
-1.9908298 3.304121 11.000583
-2.239933 3.1450779 15.45988
-2.4659262 2.9738257 19.778009
-2.6512978 2.8105702 23.505878
-2.8585739 2.602428 27.98385
-3.0387819 2.3921502 32.212528
-3.1888635 2.1872959 36.069485
-3.3449183 1.9357907 40.613464
-3.469624 1.6938457 44.73148
-3.5810368 1.4349029 48.966576
-3.6792758 1.1607436 53.342354
-3.7517471 0.89340109 57.554916
-3.8012493 0.62476593 61.779518
-3.8385487 0.34318393 66.000267
-3.8508847 0.062877439 70.308838
-3.8489809 -0.21667494 74.5401
-3.8205206 -0.49353501 78.830437
