0 0 0
-0.0047152438 0.0011204468 -0.014749934
-0.0025991495 -0.0022734297 -0.011017274
-0.0010451156 0.0030319858 -0.014481785
-0.0080762478 -0.00017935573 -0.017330239
-0.0049756672 0.0025214797 -0.016228465
-0.010558393 0.0044296207 -0.020157423
-0.0085998988 0.0049970718 -0.018511044
-0.0067621232 0.0017387047 -0.025515508
-0.0069514145 0.0072640032 -0.029254355
-0.0038640955 0.0065837358 -0.027688932
-0.0034112586 0.0082344851 -0.028944749
-0.0059929639 0.010604815 -0.029761074
-0.0078339474 0.0087797605 -0.031109221
-0.01146342 0.013478188 -0.035492823
-0.0084328325 0.011861481 -0.033453897
-0.0099778827 0.013677179 -0.033556554
-0.0067878165 0.018479489 -0.031855144
-0.0077123423 0.011762355 -0.036871053
-0.0095747467 0.017054958 -0.040651903
-0.0062119719 0.014758482 -0.037578717
-0.0071364506 0.014842363 -0.03933689
-0.010179879 0.016141582 -0.042248692
-0.0067533548 0.016828559 -0.039898135
-0.010150557 0.021043781 -0.029094715
-0.0065945652 0.025788939 -0.03929333
-0.0049275435 0.020623319 -0.040158268
-0.0053844531 0.021687839 -0.040315755
-0.004389016 0.019106114 -0.040808953
-0.0038698814 0.019017354 -0.040858157
-0.0012771778 0.0225331 -0.039649151
-0.0033476925 0.023162918 -0.041309211
-0.0038956925 0.022635061 -0.041061524
-0.0039661038 0.022053478 -0.043132465
-0.003811951 0.022534307 -0.043344706
-0.0047392477 0.030619744 -0.043827828
-0.0017590882 0.027140273 -0.043447684
-0.0037826558 0.026243351 -0.04390749
-0.0023045908 0.024426524 -0.043053631
-0.0032221242 0.023931503 -0.04384115
-0.0024137676 0.024642535 -0.043144926
-0.0029702261 0.024227379 -0.043880433
-1.7121667e-05 0.033258505 -0.04884214
-0.002379206 0.028126568 -0.046882421
-0.0017783069 0.02873148 -0.04642966
-0.0015857699 0.029137343 -0.046347857
-0.0014270388 0.027037613 -0.045952816
-0.00063565653 0.027106371 -0.047620635
0.0012084006 0.028448515 -0.046998717
-0.0011139532 0.028808199 -0.047316939
0.00018856768 0.027546596 -0.049036443
0.0008230533 0.027273431 -0.047844891
-1.4278805e-05 0.027071817 -0.047701836
0.00083648646 0.028036054 -0.048531413
0.00044812728 0.027334888 -0.04934432
0.0015875895 0.028191343 -0.047975551
0.0053264797 0.029545397 -0.047708686
0.0013727552 0.02910915 -0.049015302
0.0010543009 0.028304687 -0.048629031
0.0047564125 0.030791894 -0.046331726
0.0038264261 0.029762587 -0.049322147
0.005698022 0.032632489 -0.048154186
0.0013591582 0.030451085 -0.053810015
0.0026104555 0.032737698 -0.053509306
0.0026145577 0.02842362 -0.051546376
0.0015079948 0.029904451 -0.051478192
0.0061909705 0.031200672 -0.049021829
0.0039534806 0.027667504 -0.052055083
0.0037860831 0.030626785 -0.04904452
0.0062044067 0.032710802 -0.048819475
0.0085139787 0.028942285 -0.050348558
0.0027765296 0.029910659 -0.052595455
0.0059978794 0.030561239 -0.053103585
0.0065409113 0.032130025 -0.052217864
0.005284817 0.029429577 -0.052344669
0.0078746667 0.0333087 -0.051653173
0.0052901814 0.027553666 -0.051672451
0.0089137927 0.03267432 -0.054150954
0.0020284876 0.032120354 -0.055374663
0.0059529468 0.030595088 -0.055233203
0.0077448306 0.031717997 -0.054699019
0.0027405201 0.031189622 -0.057344634
0.0054751709 0.030987117 -0.058148805
0.0031517204 0.029955151 -0.057845995
0.0060745995 0.033311404 -0.056219503
0.0039771143 0.031734493 -0.059181821
0.0052307807 0.037411775 -0.063550867
0.0074578393 0.036092222 -0.062874317
0.0048647281 0.033487342 -0.061117183
0.0036615306 0.033802982 -0.060298525
0.0056086481 0.031794898 -0.062343404
0.0056449189 0.028492413 -0.061375204
0.0092877327 0.038153179 -0.061891567
0.0043531633 0.031841274 -0.065744437
0.0046611764 0.033930924 -0.064261749
0.0060604676 0.032644324 -0.064205565
0.0087634819 0.034043457 -0.062090032
0.0048590084 0.030372256 -0.065275975
0.0067079412 0.030737124 -0.065943234
0.0058491817 0.031024978 -0.064885035
0.0068830717 0.030168973 -0.065813459
0.0095121972 0.027941786 -0.065110989
0.0084273852 0.036030311 -0.066194125
0.0080660675 0.032007307 -0.066741221
0.010091124 0.032180816 -0.066681474
0.0085462583 0.028656866 -0.066927403
0.011475021 0.032742184 -0.065290488
0.0092860023 0.031576157 -0.068564132
0.010949829 0.032484379 -0.067970939
0.0089234021 0.030047761 -0.068858281
0.010764133 0.031513371 -0.066822179
0.012195131 0.031686086 -0.066940151
0.0079125101 0.031049788 -0.069234625
0.012295571 0.034038004 -0.06622088
0.0065278774 0.029607294 -0.070883527
0.0083338721 0.030974554 -0.070409477
0.007838225 0.030573837 -0.067873575
0.0093438597 0.028288322 -0.070093989
0.010332397 0.027966559 -0.069665708
0.013242996 0.030501012 -0.067055859
0.0148297 0.031188471 -0.069754951
0.011896536 0.029099051 -0.069810376
0.012272852 0.032319903 -0.068344101
0.009271387 0.028055757 -0.072297096
0.010682125 0.0315056 -0.071793631
0.013076427 0.031036612 -0.07210625
0.014951612 0.029620349 -0.069585666
0.016209586 0.032195821 -0.068660773
0.018449301 0.027277859 -0.074071936
0.012389511 0.033273797 -0.070636772
0.012421431 0.034029629 -0.072036795
0.015692722 0.027983956 -0.073046662
0.014296532 0.033266451 -0.071216673
0.014944976 0.029932233 -0.077808283
0.013731298 0.029987583 -0.077487461
0.01707745 0.029832233 -0.075472027
0.015168197 0.024893111 -0.076347783
0.017533213 0.026837567 -0.078747921
0.015825443 0.030216986 -0.07859984
0.013164466 0.027066123 -0.079242699
0.015255676 0.025288496 -0.078839168
0.01658624 0.026559906 -0.082238957
0.017929424 0.027453082 -0.081401713
0.020113884 0.029004276 -0.080892175
0.017268576 0.026185371 -0.081624605
0.019171633 0.026187029 -0.08323884
0.020625057 0.030622642 -0.080720022
0.017571278 0.027497545 -0.084079333
0.017981365 0.027749512 -0.08037667
0.020263232 0.025507636 -0.083423585
0.013249733 0.019019455 -0.080438145
0.020809039 0.022493606 -0.083984233
0.019843949 0.021902896 -0.081816956
0.02124249 0.030685147 -0.087986022
0.027727207 0.02281709 -0.090210021
0.020789605 0.02717592 -0.0856473
0.021652916 0.023822647 -0.086300142
0.022004956 0.023495151 -0.086846717
0.021170318 0.02368243 -0.08727859
0.022120126 0.022621799 -0.088067427
0.023275031 0.023386668 -0.08766859
0.021390285 0.023901602 -0.086159542
0.021882534 0.023394641 -0.086500674
0.020446585 0.023668827 -0.087214381
0.022727232 0.021885125 -0.087809585
0.02176559 0.02168056 -0.086887233
0.017447829 0.020965956 -0.085488282
0.022291087 0.021278437 -0.087397866
0.020606222 0.022294305 -0.08652591
0.022202492 0.022193011 -0.086990818
0.017857682 0.019483281 -0.086321168
0.022799188 0.021159809 -0.087943107
0.021844083 0.022123612 -0.087090045
0.021408495 0.023766393 -0.086603411
0.023818675 0.024051474 -0.08553078
0.018391993 0.019095045 -0.085884191
0.020114582 0.021387778 -0.086346403
0.022495011 0.022788025 -0.088867396
0.022535771 0.022242133 -0.08883734
0.021483462 0.022155758 -0.087539293
0.021246932 0.021758964 -0.087861679
0.022979161 0.021757834 -0.087216377
0.023670608 0.021224655 -0.087436222
0.022845097 0.021471195 -0.087623753
0.016561527 0.015995534 -0.085152768
0.02426257 0.020903353 -0.088550903
0.022799356 0.020974226 -0.087358013
0.023564734 0.021958407 -0.087357283
0.022767376 0.022455024 -0.087482192
0.024299752 0.023559909 -0.086798772
0.023406427 0.022167284 -0.087097161
0.023247214 0.022160519 -0.086290754
0.023030523 0.021808533 -0.086515538
0.024036353 0.022417717 -0.08809495
0.022865303 0.022337325 -0.087614208
0.022891197 0.022193942 -0.088911474
0.021674909 0.023492564 -0.090534583
0.022833856 0.024453495 -0.090716451
0.022964193 0.023701008 -0.091815367
0.023838528 0.023730636 -0.090879783
0.022910889 0.021024872 -0.091445602
0.02349774 0.022618581 -0.093525678
0.022742655 0.023552429 -0.092975058
0.022191022 0.023492761 -0.092410848
0.022624088 0.023740202 -0.091559343
0.023366963 0.023739323 -0.091172069
0.023438059 0.025034092 -0.089976288
0.023641266 0.023142569 -0.091589369
0.023354443 0.024308462 -0.092455588
0.023087 0.023215072 -0.094091468
0.023374042 0.021461874 -0.094355576
0.022670172 0.024543909 -0.093841195
0.023289492 0.021252003 -0.094856717
0.022752885 0.023137935 -0.095408767
0.022909528 0.023116203 -0.095297113
0.023679098 0.021361016 -0.095871136
0.022277281 0.021672754 -0.097884849
0.025305336 0.02298836 -0.096759222
0.024159128 0.021474976 -0.099602558
0.024359647 0.021134017 -0.099365488
0.024197852 0.021262834 -0.10031706
0.02276114 0.01999443 -0.10060931
0.022708561 0.0212084 -0.10028389
0.025419796 0.023436517 -0.10199432
0.024291422 0.022455778 -0.10233963
0.024076281 0.020059023 -0.10170926
0.023093121 0.021078993 -0.10077387
0.024315536 0.020331284 -0.10187643
0.024724316 0.020138316 -0.10297383
0.025007084 0.020666882 -0.10259775
0.02564574 0.020486943 -0.10408301
0.026176795 0.019460054 -0.10443789
0.023752537 0.020810649 -0.1040508
0.027162556 0.023632105 -0.10349831
0.025187869 0.020218525 -0.10368767
0.017333508 0.016571041 -0.098480187
0.025833733 0.02067888 -0.10436667
0.022840874 0.020583 -0.10621004
0.024498977 0.020775031 -0.10430748
0.024651883 0.023767076 -0.10348538
0.025166892 0.018501818 -0.10496331
0.024626048 0.01876121 -0.10532243
0.021695821 0.017256517 -0.104786
0.023332443 0.016342741 -0.10544579
0.027170889 0.019167088 -0.10754859
0.02478544 0.018732648 -0.10592978
0.025033895 0.017066907 -0.10654925
0.022711985 0.017489925 -0.10571473
0.025111269 0.018108999 -0.10366456
0.025635771 0.018773796 -0.10836785
0.024345903 0.018000659 -0.10768151
0.024757612 0.016916031 -0.10754503
0.024407769 0.017475158 -0.10986943
0.025594326 0.01745723 -0.10779102
0.024598746 0.018783981 -0.10972928
0.027200736 0.018837664 -0.10803832
0.0227204 0.019739203 -0.11079282
0.024810771 0.019061711 -0.11030588
0.023488102 0.017130837 -0.11096448
0.025230771 0.017441466 -0.1101265
0.02262184 0.016137764 -0.10903698
0.02526179 0.017775878 -0.11103104
0.027354199 0.017594898 -0.10781736
0.023868052 0.017441029 -0.11125526
0.023737509 0.015943926 -0.10989777
0.025008302 0.017203908 -0.10907084
0.024797585 0.015517127 -0.11151063
0.028288912 0.018094746 -0.1099856
0.026149997 0.01750016 -0.11212058
0.024932573 0.018406998 -0.11177757
0.028466977 0.017133966 -0.11108381
0.025789676 0.0170497 -0.1134683
0.025148455 0.017010866 -0.11246169
0.024491493 0.015911018 -0.11341453
0.023838028 0.016118195 -0.11320659
0.024813093 0.015675634 -0.11443219
0.025622364 0.01504545 -0.11430418
0.020978123 0.01786498 -0.11357499
0.024718525 0.016916219 -0.11506955
0.023545433 0.015742857 -0.11479271
0.022984417 0.017187208 -0.11579873
0.024697205 0.017137546 -0.11557302
0.023976803 0.015712466 -0.11660846
0.02342481 0.016015202 -0.11722671
0.024437174 0.015227506 -0.11660655
0.026054254 0.015236737 -0.11463543
0.023907129 0.016652048 -0.11760677
0.026447754 0.016146194 -0.11719559
0.025106026 0.015355101 -0.11729255
0.025060551 0.024252534 -0.11835284
0.02550948 0.01787295 -0.11719305
0.025528349 0.01681529 -0.117682
0.025851706 0.016767327 -0.11748438
0.024535993 0.0041213632 -0.10857723
0.026514873 0.016970323 -0.11826706
0.025471102 0.014857091 -0.11565348
0.02512715 0.014187696 -0.11797914
0.028189328 0.016783893 -0.11643146
0.026002137 0.016336272 -0.117989
0.025400892 0.015420622 -0.11727349
0.026444811 0.014688293 -0.11892475
0.024180191 0.015193364 -0.11714558
0.025118992 0.014031908 -0.11935648
0.022427859 0.015708771 -0.12055837
0.025674364 0.015878921 -0.11970371
0.017155083 0.0082260016 -0.11370251
0.024969921 0.01644427 -0.12030682
0.025406763 0.014626176 -0.11977618
0.026328485 0.013709203 -0.11911646
0.020524928 0.011973567 -0.11868011
0.026001029 0.013866075 -0.11977796
0.025086688 0.014862719 -0.11907567
0.026674967 0.014055294 -0.11992913
0.022843152 0.015050099 -0.11893092
0.02497711 0.013375933 -0.11976411
0.024490897 0.013443152 -0.11930825
0.024021264 0.013452295 -0.11882958
0.025668671 0.013346583 -0.1178555
0.024467537 0.01468777 -0.11887696
0.024802035 0.015033726 -0.11873575
0.024739381 0.014796264 -0.11841697
0.025394907 0.015003395 -0.11892
0.024327807 0.014684443 -0.11838727
0.024525797 0.014591096 -0.11849179
0.024938017 0.013419598 -0.11873446
0.026199607 0.01440048 -0.11863703
0.020444814 0.011765605 -0.11764207
0.026880207 0.013163405 -0.11973339
0.026588967 0.013620542 -0.11962539
0.02174932 0.01146265 -0.11734805
0.028049028 0.013983317 -0.11833918
0.026827874 0.015387965 -0.11907502
0.029642215 0.013677521 -0.12048987
0.02080445 0.0099898083 -0.11695684
0.028714409 0.014514525 -0.12002173
0.027177619 0.014041403 -0.11947658
0.022748258 0.011704386 -0.11924581
0.028720293 0.014308247 -0.12043102
0.028592646 0.01213173 -0.12165903
0.028349347 0.012880358 -0.12086015
0.027265441 0.013616246 -0.12208825
0.028286129 0.012848685 -0.12235744
0.02632438 0.014445385 -0.12188001
0.025782079 0.014136851 -0.1192488
0.023958785 0.016096679 -0.12008846
0.020895423 0.0069130529 -0.11259206
0.021539286 0.0095087877 -0.11738494
0.021205798 0.017971434 -0.11967838
0.027310695 0.017306183 -0.11978765
0.023740124 0.015021211 -0.12056576
0.027677771 0.016751116 -0.1222513
0.027264528 0.016120005 -0.12150604
0.024185559 0.014835572 -0.12080224
0.027214505 0.017167784 -0.12323877
0.026764683 0.017897069 -0.12211915
0.02821015 0.016262308 -0.12444885
0.028198507 0.017392263 -0.12434953
0.027232876 0.015917584 -0.12365123
0.026934702 0.01459363 -0.12467258
0.024759311 0.015873594 -0.12703778
0.028323786 0.016012114 -0.12561023
0.026085375 0.016216442 -0.12565918
0.026993409 0.016047727 -0.12567623
0.026969705 0.015917584 -0.12721725
0.029163186 0.017422294 -0.12384008
0.027464349 0.016112391 -0.12698166
0.027862353 0.01538821 -0.12652071
0.031240437 0.017888499 -0.12451919
0.028163802 0.01602539 -0.12676419
0.028547578 0.014413015 -0.12717563
0.029445875 0.014327112 -0.12636052
0.026551032 0.016476359 -0.12863986
0.028055822 0.014905624 -0.12739502
0.028946275 0.015110295 -0.12803039
0.028377036 0.014835265 -0.12833413
0.0227747 0.013684007 -0.12800498
0.029893013 0.015030637 -0.12763858
0.028354617 0.014243552 -0.12876268
0.029129332 0.014049483 -0.12657449
0.028017756 0.014296817 -0.12747848
0.029423071 0.013496834 -0.12760073
0.027397364 0.01632607 -0.12739933
0.028435243 0.016086504 -0.12726483
0.027871342 0.015719771 -0.12754753
0.029042866 0.014444361 -0.12700859
0.02936155 0.014040451 -0.12810083
0.027993707 0.014007727 -0.12843838
0.028396579 0.015226452 -0.13057446
0.026715372 0.016054884 -0.13090016
0.026789999 0.016018439 -0.13196863
0.02531423 0.015916195 -0.13154078
0.025886964 0.016327672 -0.13133331
0.026866347 0.016197432 -0.1287469
0.02481153 0.01731457 -0.13037358
0.027542692 0.016725872 -0.12836193
0.027139392 0.015971228 -0.12894924
0.027341751 0.016232084 -0.12951735
0.027283205 0.015072991 -0.13026032
0.027358107 0.016599376 -0.13057245
0.027812678 0.016885884 -0.13086034
0.02775329 0.016899701 -0.12979373
0.028163206 0.018018693 -0.13035144
0.028033122 0.016031217 -0.13185839
0.027140373 0.015666986 -0.13219655
0.0270348 0.016109034 -0.13181339
0.027566602 0.015293269 -0.13194805
0.025754521 0.015256765 -0.13174956
0.027805643 0.016528361 -0.13179782
0.028221048 0.016014636 -0.1332946
0.02793728 0.01675456 -0.13267682
0.027581748 0.015738411 -0.13238263
0.02767932 0.016784607 -0.13261928
0.028146103 0.016194629 -0.13267913
0.027650256 0.017260782 -0.13226894
0.02813728 0.016583707 -0.13352348
0.028044457 0.015472948 -0.13261063
0.027041368 0.016722158 -0.13262509
0.028337484 0.016805351 -0.1324871
0.028369196 0.016379062 -0.13359529
0.026581436 0.017569635 -0.13367489
0.028232915 0.016274264 -0.13487849
0.029058162 0.016680244 -0.13448405
0.027880587 0.016394265 -0.13474415
0.028489137 0.016815927 -0.13540126
0.027637145 0.017103873 -0.13486572
0.028072156 0.016086623 -0.13558117
0.027665226 0.015127501 -0.13588637
0.027021268 0.015394283 -0.13342397
0.027697263 0.016621634 -0.13613711
0.026961764 0.016555812 -0.13419464
0.026592325 0.016867828 -0.13422424
0.027372966 0.016408414 -0.13395526
0.029445257 0.016181195 -0.13279842
0.026839288 0.017101323 -0.1351659
0.027441619 0.016408157 -0.13526523
0.025660908 0.016919222 -0.133654
0.028775383 0.017029982 -0.13237455
0.026942639 0.016966239 -0.13489439
0.026896087 0.01663227 -0.13366063
0.027643353 0.016694967 -0.13498156
0.027107077 0.016933121 -0.13496853
0.028266596 0.01571608 -0.13534784
0.027636742 0.01632235 -0.13667829
0.027982775 0.016120598 -0.13767947
0.024872852 0.017257556 -0.13869368
0.028669259 0.01723915 -0.13793057
0.02762319 0.015089463 -0.13815621
0.025913754 0.01545772 -0.13769594
0.028648086 0.015746372 -0.13766138
0.027983177 0.013841641 -0.13705677
0.023787878 0.01633684 -0.13936527
0.02762476 0.017058425 -0.13633716
0.024275426 0.014953127 -0.1384542
0.025417697 0.014901925 -0.1377621
0.026408879 0.015384128 -0.13737911
0.026958793 0.0151355 -0.13769887
0.027722832 0.0146094 -0.13810097
0.027656116 0.013198567 -0.13765173
0.025753511 0.015212237 -0.13694231
0.026989322 0.014911984 -0.13780996
0.025989318 0.013860857 -0.13671075
0.024845093 0.014038837 -0.13557519
0.027836861 0.015132177 -0.13820757
0.026650907 0.014986779 -0.13515542
0.026420221 0.015805427 -0.13508464
0.027186437 0.015727792 -0.13670775
0.027937839 0.016453799 -0.13643841
0.026589453 0.015114344 -0.13592638
0.027946876 0.01610921 -0.13567366
0.028060108 0.015158682 -0.13591872
0.027749326 0.015292651 -0.13522793
0.027444169 0.015590874 -0.13451689
0.027833227 0.015641278 -0.13490283
0.027123405 0.015729446 -0.13341369
0.028610189 0.016795587 -0.13477927
0.028233992 0.016280986 -0.13474771
0.029049005 0.016010102 -0.13603614
0.028309012 0.015378687 -0.13617194
0.028146032 0.015383614 -0.13700455
0.026509311 0.014579312 -0.1383651
0.027592354 0.017261647 -0.13951792
0.026741214 0.016753308 -0.14081028
0.02499219 0.015555027 -0.1407738
0.025795277 0.017346729 -0.13834557
0.026422782 0.017978128 -0.13747202
0.027971949 0.017480113 -0.13648599
0.028480457 0.017344106 -0.13662517
0.028630571 0.018528767 -0.13687512
0.028593112 0.017890623 -0.13643596
0.028694184 0.017701134 -0.13719332
0.029268043 0.017002409 -0.1362071
0.029144159 0.017230622 -0.13764749
0.029358318 0.017088644 -0.13736005
0.030751042 0.017214078 -0.13751355
0.029138392 0.015851296 -0.13751905
0.027431484 0.016865736 -0.13698108
0.026818348 0.015616495 -0.13837138
0.028336277 0.015643112 -0.13964418
0.027646733 0.014843617 -0.13878773
0.023809599 0.021164306 -0.13989326
0.028822491 0.022458458 -0.13784818
0.028649561 0.020216875 -0.13953656
0.025820583 0.017597273 -0.14014398
0.028473895 0.016836178 -0.14147621
0.026086016 0.017650619 -0.14072597
0.026529098 0.02001675 -0.1391833
0.027956849 0.017835915 -0.14144658
0.029344145 0.01792793 -0.14148487
0.028064925 0.016862355 -0.14174342
0.029337183 0.016800463 -0.14118458
0.027146604 0.016564725 -0.14195602
0.029887114 0.01893457 -0.1414732
0.02780254 0.01631245 -0.14142601
0.027479306 0.017106425 -0.14230959
0.028266408 0.016882265 -0.14163691
0.0273521 0.016100761 -0.14166382
0.028051155 0.016338801 -0.14109857
0.028986193 0.016193084 -0.14129828
0.027187806 0.015841063 -0.14047422
0.029253384 0.017305564 -0.14100119
0.027392259 0.018138316 -0.14098971
0.027867595 0.01678027 -0.1393587
0.026908973 0.016832471 -0.14105789
0.028681979 0.01773615 -0.13980338
0.028718632 0.016258433 -0.13896626
0.028165165 0.01749683 -0.13912037
0.029049415 0.017658357 -0.14027733
0.02965335 0.017067257 -0.14020716
0.03007531 0.017383348 -0.13997765
0.030311044 0.017262366 -0.14004815
0.029845089 0.016599216 -0.14227234
0.029175187 0.017372984 -0.1426525
0.029809929 0.016918896 -0.14353536
0.02848033 0.016665351 -0.14406918
0.027562229 0.017399175 -0.14578123
0.027772754 0.017166238 -0.14578196
0.027395898 0.017132953 -0.14751716
0.026109671 0.016957864 -0.14719512
0.027752031 0.015739463 -0.14739648
0.027857589 0.014387568 -0.14739832
0.029072411 0.015479949 -0.14601268
0.029251767 0.014745855 -0.14655754
0.029603457 0.016371982 -0.14467862
0.030295452 0.017026145 -0.14518531
0.031114902 0.016874738 -0.14419675
0.030842546 0.017265908 -0.14364345
0.031033725 0.018181395 -0.14426325
0.030684425 0.016582668 -0.14513329
0.029312005 0.017359298 -0.14435185
0.02962202 0.016265543 -0.14404406
0.029847516 0.01503046 -0.1440877
0.029471768 0.015286604 -0.14305715
0.029802155 0.015686901 -0.14366585
0.029936338 0.015166231 -0.14386347
0.02972001 0.015709024 -0.14336663
0.02977642 0.015862731 -0.14474146
0.028932231 0.014853197 -0.14407924
0.028771324 0.015785528 -0.1426038
0.028945619 0.014514851 -0.14400789
0.030032972 0.016611442 -0.14380436
0.027485054 0.016843628 -0.14497028
0.028382782 0.015388745 -0.14433655
0.027379258 0.014992518 -0.14486039
0.025665611 0.016531255 -0.14388593
0.02883807 0.015571342 -0.14425896
0.027002556 0.015999461 -0.14492692
0.02900745 0.01569232 -0.14572875
0.027486928 0.015080312 -0.14467016
0.025877967 0.015786022 -0.14756203
0.025763491 0.015926063 -0.14582603
0.028575731 0.016025025 -0.14661101
0.029533479 0.015123243 -0.14592546
0.02849225 0.015102022 -0.14701271
0.027653411 0.016037859 -0.1470041
0.028100396 0.015233831 -0.14715055
0.026855139 0.014642741 -0.14737839
0.028282931 0.014930106 -0.14844681
0.027644068 0.014896507 -0.14700492
0.02726998 0.014954804 -0.14637467
0.028851867 0.014740312 -0.14744912
0.02759547 0.015050501 -0.14664146
0.031328242 0.018850172 -0.14368951
0.029066496 0.015905946 -0.14735788
0.031247646 0.017893471 -0.14655267
0.02783962 0.016017532 -0.14704862
0.027185194 0.014094098 -0.14610447
0.027794905 0.014520557 -0.14741305
0.026352277 0.014662042 -0.14538665
0.027280025 0.013637426 -0.14850086
0.028004415 0.020697359 -0.14838523
0.029565768 0.021604521 -0.14820816
0.026123589 0.01698979 -0.14720044
0.026834164 0.013970639 -0.14696357
0.024705889 0.022705099 -0.14919311
0.027149793 0.017804321 -0.14732206
0.027781552 0.016261104 -0.14762421
0.026739653 0.013865909 -0.14724761
0.029549144 0.016325468 -0.14602853
0.027729431 0.015603582 -0.14862277
0.031525709 0.015664751 -0.14770494
0.027194876 0.01583492 -0.14728197
0.028573517 0.015282572 -0.14726919
0.030624753 0.017079549 -0.14543855
0.027412187 0.015604659 -0.14699171
0.027970718 0.016199201 -0.1485793
0.031391144 0.017420614 -0.14628133
0.028099822 0.015369213 -0.1491213
0.027124122 0.015423365 -0.14870487
0.028134629 0.013729347 -0.14934896
0.026541123 0.023158055 -0.1512191
0.027555458 0.018662963 -0.14904985
0.027064806 0.016187739 -0.15047003
0.028916933 0.016901717 -0.14915125
0.027651729 0.01578467 -0.14956997
0.029057058 0.015811166 -0.14891532
0.027073052 0.015556821 -0.15123844
0.02869642 0.015377131 -0.15009502
0.026780365 0.014691932 -0.14985295
0.027821127 0.014738552 -0.15087883
0.027440211 0.014783503 -0.14964354
0.028305585 0.015675429 -0.14888027
0.027288746 0.015423154 -0.15050761
0.026755251 0.014148807 -0.14953125
0.02977689 0.016003691 -0.14873549
0.026935799 0.014843796 -0.15027182
0.028464844 0.015055372 -0.14921431
0.027239621 0.014157597 -0.14904186
0.027308637 0.012845736 -0.14928128
0.02416444 0.015908396 -0.15042345
0.02825588 0.017538058 -0.14803042
0.026800184 0.015828025 -0.14765653
0.026373619 0.011813091 -0.14336266
0.027376624 0.015620862 -0.14798903
0.026328113 0.014107318 -0.14849772
0.026191587 0.015766375 -0.14782472
0.028121535 0.015493913 -0.14893441
0.027112085 0.013902463 -0.14855613
0.027293563 0.014969408 -0.15015288
0.02602298 0.0077180993 -0.14390139
0.024532728 0.013758229 -0.15190041
0.025496304 0.014679093 -0.15165561
0.023973277 0.01583503 -0.15276246
0.025320226 0.016028106 -0.1522947
0.024471169 0.015747406 -0.15285136
0.02488781 0.01486674 -0.15264277
0.025830986 0.010937884 -0.14219016
0.02735398 0.014409854 -0.1501365
0.028249599 0.015313447 -0.14802691
0.027510719 0.010791514 -0.1416475
0.028632216 0.015591672 -0.14855458
0.028348889 0.014613404 -0.1490646
0.024468159 0.01097641 -0.14685665
0.029538959 0.014087854 -0.14995934
0.027878312 0.014766229 -0.15001062
0.028651789 0.014636653 -0.15027423
0.028444119 0.015862383 -0.14911294
0.027297286 0.013455843 -0.14621249
0.028085722 0.014665047 -0.14971723
0.027737224 0.014546388 -0.14774503
0.026732001 0.015445866 -0.15009168
0.025452573 0.011387778 -0.14806423
0.027817164 0.014877526 -0.14921159
0.027026087 0.013370309 -0.14930609
0.025238244 0.013090548 -0.14842469
0.027561769 0.013218483 -0.14507324
0.027034771 0.014923913 -0.1492272
0.025876809 0.013565077 -0.1479571
0.027176291 0.0078400979 -0.13979076
0.026474716 0.013738381 -0.1487972
0.025127154 0.012360866 -0.15116826
0.026967213 0.014497556 -0.15248539
0.025920827 0.013108904 -0.15288733
0.025033934 0.013968371 -0.15390283
0.025795901 0.014320168 -0.15533501
0.024168303 0.014324655 -0.14946142
0.031313866 0.0098877596 -0.14995247
0.026348483 0.016575731 -0.15384604
0.02662912 0.013979468 -0.15287796
0.026715642 0.0074466895 -0.14392997
0.02719607 0.015413084 -0.1515481
0.02813725 0.014383302 -0.1498
0.023460325 0.012003038 -0.1505651
0.029330732 0.014474359 -0.1504723
0.020265568 0.014110591 -0.15100826
0.029973391 0.014660189 -0.15175672
0.03190235 0.012053078 -0.15174092
0.032905534 0.0073055383 -0.15226163
0.042836055 0.010907634 -0.14959624
0.049110252 0.014404072 -0.14833768
0.046426278 0.004467289 -0.15313658
0.056494147 -0.019650741 -0.1524619
0.063596383 -0.048512243 -0.15498255
0.069248185 -0.07991416 -0.15825559
0.072505996 -0.12358412 -0.16270994
0.072715938 -0.16904871 -0.16714723
0.071330205 -0.22112666 -0.16747263
0.062760375 -0.28009802 -0.16857864
0.060520254 -0.35130388 -0.1736621
0.046568502 -0.41901243 -0.17659429
0.038730223 -0.4944042 -0.18200547
0.017954418 -0.5759846 -0.18832542
0.0040520215 -0.65999669 -0.18716434
-0.020126117 -0.74044842 -0.19151093
-0.040778816 -0.83525711 -0.1912374
-0.070370294 -0.92678654 -0.19809873
-0.10113621 -1.0212202 -0.20133641
-0.14051951 -1.1217651 -0.2021032
-0.18658872 -1.217661 -0.20698178
-0.23811811 -1.3160818 -0.211302
-0.30797103 -1.4270283 -0.21522294
-0.36791649 -1.5313812 -0.2170262
-0.43164954 -1.6439424 -0.22025713
-0.49710858 -1.7637199 -0.22384843
-0.56103998 -1.8827846 -0.22469491
-0.6302318 -2.0121467 -0.22876418
-0.70407009 -2.1492817 -0.23398732
-0.7809518 -2.297672 -0.23618972
-0.86139262 -2.4586861 -0.23645559
-0.94247055 -2.6291802 -0.23908074
-1.0319507 -2.815263 -0.2420443
-1.122951 -3.0121393 -0.24827592
-1.2220774 -3.2207186 -0.24959184
-1.3255048 -3.4433854 -0.25233099
-1.4284341 -3.6821268 -0.25992683
-1.5335435 -3.9367065 -0.26896465
-1.6412892 -4.200325 -0.27586508
-1.7512113 -4.4819422 -0.29051456
-1.8603551 -4.7801471 -0.30818829
-1.9709455 -5.0848331 -0.32466677
-2.0802124 -5.4054513 -0.33382091
-2.184149 -5.7254944 -0.34494436
-2.2853858 -6.0621662 -0.35158753
-2.3853257 -6.4121203 -0.35946774
-2.4838202 -6.7674961 -0.37253106
-2.5789757 -7.1452117 -0.39392939
-2.6533594 -7.563962 -0.4092122
-2.7589502 -7.9151683 -0.41774201
-2.8357213 -8.2980671 -0.433483
-2.9079423 -8.6929703 -0.45021006
-2.98316 -9.1009512 -0.46569395
-3.0431182 -9.5160427 -0.48666677
-3.0960338 -9.9460907 -0.51130426
-3.1402621 -10.395045 -0.52736855
-3.1888998 -10.851404 -0.55105883
-3.2315342 -11.322955 -0.57504231
-3.267931 -11.808582 -0.59678
-3.3053465 -12.294971 -0.6061613
-3.3310161 -12.788064 -0.62015468
-3.3591893 -13.29833 -0.63818794
-3.3699942 -13.809904 -0.66092741
-3.3768525 -14.330987 -0.68498719
-3.3845773 -14.876987 -0.71567762
-3.3918884 -15.431673 -0.74004507
-3.4030378 -15.987472 -0.76966488
-3.4118536 -16.545601 -0.79163575
-3.4200416 -17.116543 -0.81734294
-3.429481 -17.696882 -0.84924531
-3.4344914 -18.275167 -0.8807435
-3.4431989 -18.872738 -0.911502
-3.4539433 -19.468254 -0.94458842
-3.4657516 -20.063036 -0.97106713
-3.478277 -20.649817 -1.0023959
-3.483938 -21.253569 -1.0230434
-3.4859841 -21.851259 -1.0540168
-3.4956386 -22.451748 -1.0811857
-3.5064418 -23.064541 -1.1086091
-3.5132244 -23.669365 -1.1419526
-3.5228817 -24.293203 -1.1728938
-3.5287039 -24.91548 -1.200224
-3.5366726 -25.527325 -1.2271581
-3.5429907 -26.139963 -1.2563095
-3.5536654 -26.751461 -1.283724
-3.5646398 -27.360905 -1.3067576
-3.5778518 -27.973421 -1.3394248
-3.591547 -28.583675 -1.3682926
-3.606817 -29.191166 -1.3909608
-3.6212032 -29.805414 -1.4142492
-3.6380756 -30.417515 -1.4400096
-3.652266 -31.033638 -1.4647818
-3.6654661 -31.646383 -1.4920688
-3.6767113 -32.264206 -1.5172254
-3.6900549 -32.880875 -1.5402348
-3.696475 -33.489109 -1.5680475
-3.7010355 -34.100399 -1.59245
-3.7059147 -34.710941 -1.6160942
-3.7125196 -35.311848 -1.6425095
-3.7165534 -35.919056 -1.6695527
-3.7213922 -36.522163 -1.691005
-3.7293584 -37.128769 -1.7231065
-3.7345002 -37.720772 -1.7436341
-3.7380185 -38.312847 -1.7689047
-3.7474837 -38.897484 -1.8069392
-3.754859 -39.480007 -1.8518665
-3.7502863 -40.055557 -1.8858263
-3.7389913 -40.643063 -1.9305716
-3.7300172 -41.236992 -1.9754906
-3.7315454 -41.818127 -2.0103686
-3.7320101 -42.39698 -2.0383403
-3.7249382 -42.982445 -2.0630457
-3.7117794 -43.556454 -2.0834746
-3.7015071 -44.134251 -2.1096516
-3.6926842 -44.703724 -2.1359861
-3.693064 -45.278549 -2.1533847
-3.6966603 -45.856564 -2.1845632
-3.6973708 -46.430439 -2.2037747
-3.6970696 -47.003517 -2.2161257
-3.7095556 -47.576759 -2.2351875
-3.7317412 -48.152073 -2.2759485
-3.7546241 -48.726143 -2.3034685
-3.763711 -49.302849 -2.3083842
-3.778621 -49.882061 -2.3330154
-3.8015909 -50.459202 -2.3773456
-3.8388457 -51.035786 -2.4080508
-3.8770988 -51.609303 -2.4269249
-3.9028554 -52.187939 -2.4384556
-3.9270906 -52.760433 -2.4563942
-3.953588 -53.342033 -2.4933503
-3.9883425 -53.927284 -2.5247982
-4.0247583 -54.509747 -2.5393679
-4.0655789 -55.092373 -2.5521288
-4.10462 -55.679928 -2.5848324
-4.1414557 -56.269035 -2.5903673
-4.1862407 -56.852806 -2.5936754
-4.2329903 -57.420326 -2.6103652
-4.2783594 -57.99408 -2.6273868
-4.3331265 -58.573883 -2.6510358
-4.3933592 -59.151852 -2.6774032
-4.4528713 -59.730175 -2.7090638
-4.5047174 -60.317619 -2.7326887
-4.5569348 -60.89669 -2.7458892
-4.6107454 -61.464016 -2.7646751
-4.6641154 -62.04068 -2.7838771
-4.7156177 -62.614594 -2.8012819
-4.7629137 -63.181053 -2.8212128
-4.8021598 -63.737789 -2.8487911
-4.8439064 -64.293678 -2.8687363
-4.8959298 -64.835533 -2.8926878
-4.9366918 -65.376984 -2.9138925
-4.9697413 -65.903885 -2.9341404
-4.9890695 -66.41729 -2.9498076
-5.0066261 -66.923569 -2.9730296
-5.0245342 -67.422775 -2.9910817
-5.0402584 -67.893799 -3.0009885
-5.0528574 -68.359528 -3.0259213
-5.0569324 -68.814163 -3.0480697
-5.061964 -69.248756 -3.060607
-5.0610118 -69.6614 -3.0683866
-5.0585504 -70.048317 -3.084862
-5.0552797 -70.426353 -3.1057894
-5.0509534 -70.779991 -3.1213868
-5.0448089 -71.104462 -3.1263883
-5.0390368 -71.414162 -3.134969
-5.0295067 -71.702385 -3.1471753
-5.0206594 -71.982193 -3.1614985
-5.0109315 -72.242279 -3.1712673
-5.0050559 -72.483978 -3.1822445
-4.9995384 -72.712242 -3.1903961
-4.9962888 -72.921066 -3.197037
-4.9954891 -73.11763 -3.2015703
-4.9959645 -73.291641 -3.2134001
-4.9939442 -73.447655 -3.2209966
-4.9902163 -73.588844 -3.2282038
-4.9856515 -73.710716 -3.2311826
-4.9838891 -73.812805 -3.2355821
-4.9853382 -73.89798 -3.2386014
-4.9850907 -73.960182 -3.2425399
-4.9829679 -74.015274 -3.2432804
-4.9828243 -74.054443 -3.2438323
-4.9826636 -74.082397 -3.2445877
-4.9809399 -74.106033 -3.2426777
-4.9789424 -74.128426 -3.2437689
-4.9804053 -74.154404 -3.2461963
-4.976625 -74.191452 -3.2477007
-4.9758563 -74.232994 -3.2514527
-4.9759793 -74.283943 -3.2536855
-4.973309 -74.338867 -3.2542968
-4.9728441 -74.404556 -3.2573473
-4.9700613 -74.473473 -3.2600033
-4.9678712 -74.551132 -3.2629519
-4.9660735 -74.639198 -3.2662499
-4.961987 -74.734695 -3.2703872
-4.9583225 -74.838676 -3.2737589
-4.9532843 -74.952759 -3.2776847
-4.9469709 -75.075691 -3.2809806
-4.9397154 -75.204277 -3.2878149
-4.9346352 -75.352203 -3.2914042
-4.9311762 -75.505508 -3.2975149
-4.92945 -75.671204 -3.3050902
-4.9261074 -75.850388 -3.3169818
-4.9230261 -76.038895 -3.3274667
-4.917686 -76.241631 -3.3384647
-4.9074631 -76.45871 -3.3459585
-4.8954692 -76.694435 -3.3544722
-4.8847585 -76.941948 -3.3633447
-4.867435 -77.208961 -3.3729393
-4.8536286 -77.486397 -3.3819354
-4.8303981 -77.775986 -3.3915436
-4.8035364 -78.078613 -3.4012792
-4.7766495 -78.399582 -3.4155655
-4.7509646 -78.73922 -3.4362245
-4.7277942 -79.088364 -3.4538493
-4.7016377 -79.448418 -3.4673028
-4.676898 -79.818237 -3.4851167
-4.6508713 -80.204689 -3.5046811
-4.6238089 -80.601303 -3.5246596
-4.602046 -81.008736 -3.5380459
-4.5769291 -81.419617 -3.5517697
-4.5533361 -81.843369 -3.5701187
-4.5313487 -82.273773 -3.5962417
-4.5136938 -82.716248 -3.6133888
-4.4914002 -83.162689 -3.6304014
-4.4632387 -83.61776 -3.6440847
-4.4323344 -84.083961 -3.658623
-4.4092517 -84.571526 -3.6792917
-4.3992682 -85.063736 -3.6981745
-4.3903599 -85.567719 -3.717006
-4.3788433 -86.078934 -3.735136
-4.3557792 -86.600456 -3.7470288
-4.3407559 -87.144012 -3.7728455
-4.3298016 -87.706612 -3.7982211
-4.3253546 -88.279472 -3.8172255
-4.3241725 -88.857758 -3.8314731
-4.320765 -89.447372 -3.8488238
-4.3168883 -90.053963 -3.8622575
-4.308569 -90.660637 -3.8727005
-4.3090158 -91.278305 -3.8860729
-4.3010149 -91.912354 -3.9300141
-4.3301711 -92.544098 -3.9190314
-4.3409295 -93.18586 -3.9331291
-4.3479919 -93.833542 -3.9417169
-4.3593888 -94.48806 -3.9595742
-4.3747849 -95.160027 -3.988399
-4.392766 -95.832397 -3.9949417
-4.4043713 -96.503807 -3.9996951
-4.4168143 -97.187317 -4.0010891
-4.4338365 -97.878487 -4.0055375
-4.4524055 -98.578865 -4.0322051
-4.4672084 -99.284691 -4.0513511
-4.4832959 -99.994644 -4.0682359
-4.4988294 -100.71441 -4.078681
-4.5135989 -101.43694 -4.1019964
-4.535687 -102.15692 -4.1234932
-4.5489416 -102.8826 -4.1449137
-4.5666513 -103.60902 -4.164886
-4.5846295 -104.33549 -4.1955867
-4.6009841 -105.0662 -4.2163124
-4.6197648 -105.80029 -4.237546
-4.6363502 -106.53336 -4.2617898
-4.6509285 -107.26378 -4.2821598
-4.6647782 -107.98383 -4.3000722
-4.6772833 -108.71241 -4.3323913
-4.6955404 -109.42898 -4.3369975
-4.7074494 -110.14912 -4.362752
-4.7168303 -110.87301 -4.371006
-4.7284136 -111.58962 -4.3868632
-4.7348285 -112.33289 -4.4173074
-4.7465339 -113.03643 -4.4317827
-4.7593703 -113.75488 -4.4383059
-4.7730379 -114.48148 -4.4559836
-4.772922 -115.19396 -4.4871764
-4.785265 -115.90978 -4.5051212
-4.7986116 -116.62733 -4.542583
-4.8089027 -117.35072 -4.5561328
-4.8144984 -118.06744 -4.5610933
-4.817842 -118.77765 -4.5741663
-4.8220992 -119.47911 -4.5986681
-4.8255243 -120.17497 -4.6259155
-4.8278108 -120.8716 -4.6386805
-4.8290229 -121.56771 -4.6458354
-4.8324914 -122.25373 -4.6744547
-4.8355956 -122.9306 -4.6937509
-4.8366189 -123.6003 -4.7230878
-4.8438673 -124.26 -4.733592
-4.8489118 -124.90832 -4.7500997
-4.8637438 -125.54325 -4.7627878
-4.8764381 -126.16875 -4.7802315
-4.8852377 -126.77959 -4.8069415
-4.8824978 -127.38982 -4.8179245
-4.8850493 -127.97806 -4.8335772
-4.8901753 -128.56311 -4.8504028
-4.9007111 -129.1393 -4.8701167
-4.9024138 -129.71242 -4.878726
-4.9059014 -130.27762 -4.8889847
-4.9044948 -130.82764 -4.9047313
-4.9062614 -131.368 -4.9166245
-4.9170694 -131.89505 -4.9290786
-4.9288216 -132.41492 -4.9476042
-4.9371557 -132.90617 -4.9675465
-4.9439316 -133.38574 -4.9805007
-4.9516506 -133.84016 -4.993041
-4.9592094 -134.26312 -5.0090718
-4.9646168 -134.66338 -5.0236878
-4.9695082 -135.03694 -5.0332718
-4.9735403 -135.37737 -5.0438724
-4.9797282 -135.70381 -5.0534854
-4.9844861 -136.00911 -5.065721
-4.9869199 -136.28839 -5.07266
-4.9907203 -136.54495 -5.0799003
-4.993113 -136.78131 -5.0865235
-4.9970059 -136.99496 -5.0915747
-4.9986076 -137.18579 -5.0991197
-5.0008163 -137.36087 -5.1048574
-5.0016708 -137.51872 -5.1120315
-5.0014825 -137.66403 -5.0973973
-5.0004921 -137.78726 -5.0889125
-5.0074124 -137.89751 -5.0982952
-5.0158591 -138.00604 -5.1219435
-5.0197096 -138.11995 -5.1356692
-5.0234232 -138.23428 -5.139986
-5.0201488 -138.34953 -5.1383033
-5.0179238 -138.46501 -5.1385231
-5.0233622 -138.57768 -5.1409087
-5.024857 -138.6947 -5.1493506
-5.0274615 -138.81137 -5.1554914
-5.0292091 -138.9297 -5.1587434
-5.0292225 -139.04808 -5.1584191
-5.0343437 -139.16518 -5.1611214
-5.0375447 -139.28986 -5.1671677
-5.0379395 -139.4115 -5.1729078
-5.0398369 -139.54082 -5.1779718
-5.04109 -139.67372 -5.1810422
-5.0464034 -139.80878 -5.1860442
-5.0481935 -139.94711 -5.1881437
-5.0470419 -140.09425 -5.1924577
-5.0469594 -140.24365 -5.1935911
-5.0531974 -140.39209 -5.2106824
-5.0631685 -140.54573 -5.2443027
-5.0669985 -140.7066 -5.2725711
-5.0726757 -140.86401 -5.2782393
-5.0755463 -141.02295 -5.2822423
-5.074194 -141.18456 -5.2902427
-5.0736375 -141.35284 -5.2944899
-5.0724883 -141.52019 -5.2790623
-5.0740347 -141.68184 -5.2694416
-5.0824084 -141.83879 -5.2782068
-5.0863047 -142.00269 -5.2990246
-5.090817 -142.17412 -5.3030372
-5.0932512 -142.3457 -5.301405
-5.0969224 -142.52002 -5.2995081
-5.1008015 -142.70425 -5.300528
-5.1013765 -142.89253 -5.3013587
-5.1096463 -143.08347 -5.2985358
-5.1151528 -143.28824 -5.2977915
-5.1190634 -143.49632 -5.2898903
-5.1249833 -143.70988 -5.2732177
-5.1231508 -143.92906 -5.2531753
-5.1263862 -144.15128 -5.2312632
-5.1372099 -144.38303 -5.2527266
-5.1446972 -144.63844 -5.2788172
-5.1487575 -144.90157 -5.2903752
-5.1525106 -145.16403 -5.2891598
-5.1619859 -145.43314 -5.2904563
-5.1671286 -145.71388 -5.2951818
-5.1754837 -145.9978 -5.3012309
-5.1839304 -146.2982 -5.3086996
-5.1884341 -146.60931 -5.3168964
-5.1934566 -146.9308 -5.3231196
-5.2030702 -147.26379 -5.3308148
-5.2138281 -147.60699 -5.3418102
-5.2264462 -147.9577 -5.3524728
-5.23559 -148.32262 -5.3601255
-5.2471466 -148.7066 -5.3671165
-5.2593884 -149.0914 -5.3768401
-5.2700996 -149.48878 -5.3812513
-5.2833476 -149.89423 -5.3951101
-5.3020511 -150.306 -5.4055347
-5.3166313 -150.72461 -5.415484
-5.3356352 -151.14751 -5.4214897
-5.3546572 -151.58414 -5.431293
-5.3737717 -152.03262 -5.439786
-5.3930683 -152.48842 -5.4513588
-5.4137988 -152.95621 -5.4647565
-5.4364753 -153.43614 -5.4669781
-5.4589148 -153.93021 -5.4780602
-5.4864321 -154.43846 -5.4899979
-5.5096102 -154.9593 -5.4991288
-5.5388317 -155.49394 -5.5076599
-5.5681529 -156.03813 -5.5167537
-5.5963135 -156.59183 -5.5285125
-5.6286545 -157.15512 -5.5354733
-5.6612849 -157.72633 -5.5428653
-5.689301 -158.29698 -5.5502791
-5.7178326 -158.8765 -5.5514121
-5.7453713 -159.46085 -5.5694299
-5.7754097 -160.05797 -5.574749
-5.7989459 -160.65292 -5.5869617
-5.8170972 -161.26369 -5.6100922
-5.8410287 -161.87875 -5.6289935
-5.8742986 -162.49431 -5.6473308
-5.8919401 -163.11778 -5.6531096
-5.9135866 -163.74379 -5.6645207
-5.926959 -164.37265 -5.6706409
-5.9407005 -165.00163 -5.6860766
-5.9512086 -165.64201 -5.7084079
-5.9589005 -166.29709 -5.7298908
-5.9628553 -166.94846 -5.7432909
-5.9575047 -167.60539 -5.7526999
-5.9552417 -168.26205 -5.7513928
-5.947845 -168.92239 -5.7677321
-5.9503069 -169.59242 -5.7670064
-5.9500165 -170.25531 -5.781044
-5.9497161 -170.9209 -5.8017936
-5.9466257 -171.58194 -5.8160772
-5.9444442 -172.24857 -5.8349118
-5.9424868 -172.89911 -5.8580189
-5.9362178 -173.54974 -5.8800144
-5.930779 -174.21323 -5.9002595
-5.9264269 -174.87564 -5.9262533
-5.9238982 -175.52628 -5.951776
-5.92169 -176.16458 -5.9679842
-5.9163861 -176.8093 -5.9908662
-5.9115896 -177.45178 -6.0080199
-5.9107018 -178.09286 -6.0219531
-5.9134054 -178.72424 -6.0400729
-5.9121208 -179.34074 -6.0561271
-5.9114857 -179.94241 -6.0637674
-5.9120636 -180.53554 -6.0821776
-5.9141169 -181.11305 -6.10148
-5.9149065 -181.67601 -6.113924
-5.9199481 -182.22746 -6.1324682
-5.9224267 -182.76216 -6.1477399
-5.9238906 -183.27574 -6.1598711
-5.9266157 -183.77281 -6.1714354
-5.9282961 -184.25459 -6.1882195
-5.9327006 -184.71696 -6.1994123
-5.9372134 -185.15852 -6.2076769
-5.9412212 -185.58574 -6.2203293
-5.948843 -185.99336 -6.234551
-5.9487658 -186.38254 -6.2424564
-5.9533453 -186.74605 -6.2456779
-5.9538717 -187.09305 -6.2517648
-5.9557557 -187.42365 -6.2622266
-5.9612055 -187.73778 -6.278707
-5.9709201 -188.03867 -6.2881341
-5.9757071 -188.31937 -6.2904935
-5.9795208 -188.57924 -6.2947679
-5.9840875 -188.8295 -6.3040295
-5.9840474 -189.06259 -6.3097959
-5.9874959 -189.27702 -6.3208356
-5.9877963 -189.4774 -6.3223915
-5.9871359 -189.65965 -6.3258743
-5.991024 -189.82593 -6.3306665
-5.9947281 -189.97412 -6.3362265
-5.9987755 -190.10571 -6.3423729
-6.0013585 -190.22554 -6.3464594
-6.0038724 -190.32564 -6.3473539
-6.0064163 -190.4102 -6.3478556
-6.0077062 -190.48183 -6.3492355
-6.0097423 -190.53639 -6.3500996
-6.011435 -190.57285 -6.3503799
-6.0092521 -190.59883 -6.3492365
-6.0114684 -190.6172 -6.3480377
-6.011375 -190.63533 -6.3486786
-6.0127311 -190.65532 -6.3496552
-6.0133762 -190.67574 -6.3505397
-6.0137224 -190.7025 -6.3514123
-6.0130205 -190.73354 -6.3524547
-6.0152335 -190.76933 -6.3529339
-6.0171766 -190.81125 -6.3545489
-6.0186787 -190.85913 -6.3550334
-6.0203323 -190.91026 -6.3564653
-6.0208926 -190.96991 -6.3583975
-6.0214682 -191.03416 -6.359108
-6.0216818 -191.10867 -6.3618965
-6.0221386 -191.19447 -6.3640161
-6.0233078 -191.28918 -6.3681879
-6.0237222 -191.39677 -6.3703866
-6.0246282 -191.51277 -6.3720074
-6.0236669 -191.64365 -6.374445
-6.028657 -191.7865 -6.3802605
-6.0292029 -191.94827 -6.3878994
-6.0310555 -192.12007 -6.3891697
-6.0298958 -192.30772 -6.3946214
-6.0281639 -192.50464 -6.4013295
-6.0291061 -192.71324 -6.4099493
-6.0234489 -192.93567 -6.4146194
-6.0223565 -193.17015 -6.4191027
-6.020678 -193.41821 -6.4286246
-6.0199122 -193.67827 -6.4385595
-6.0188327 -193.95334 -6.4491305
-6.0098209 -194.23825 -6.4581151
-6.0080543 -194.5332 -6.4708915
-6.003799 -194.84268 -6.4796419
-5.9932256 -195.1618 -6.494647
-5.9846835 -195.49623 -6.5050931
-5.9782357 -195.84839 -6.5250206
-5.9747772 -196.20546 -6.5388751
-5.9612217 -196.57745 -6.553431
-5.9400163 -196.95845 -6.5662823
-5.923111 -197.34674 -6.5976062
-5.9036899 -197.74564 -6.6224303
-5.8886619 -198.16312 -6.6440668
-5.8729043 -198.58162 -6.6585641
-5.8497429 -199.01111 -6.6721067
-5.8235021 -199.44649 -6.7027049
-5.7945895 -199.88971 -6.7318811
-5.7706804 -200.34805 -6.7491093
-5.7554173 -200.81137 -6.765584
-5.7406263 -201.28316 -6.7957678
-5.7131705 -201.77769 -6.8255138
-5.6734362 -202.28593 -6.8364859
-5.6360283 -202.80771 -6.8355813
-5.6100926 -203.3289 -6.8477855
-5.5926142 -203.86252 -6.8707104
-5.5737062 -204.40573 -6.8872428
-5.543066 -204.96637 -6.8823833
-5.5191402 -205.53151 -6.8954659
-5.4883981 -206.10722 -6.9047818
-5.4629936 -206.6859 -6.8963904
-5.4436054 -207.26414 -6.8861732
-5.4265957 -207.84879 -6.8833742
-5.4205079 -208.43713 -6.8987613
-5.4118633 -209.03926 -6.9165063
-5.4005094 -209.64958 -6.9295855
-5.3841419 -210.26616 -6.9370298
-5.3820448 -210.87427 -6.9435172
-5.3864932 -211.4888 -6.9608302
-5.3968682 -212.11021 -6.9842086
-5.3990273 -212.73531 -6.9923139
-5.3924565 -213.36107 -7.0040145
-5.401907 -213.99713 -7.0342717
-5.4126763 -214.64183 -7.055088
-5.4240279 -215.29279 -7.0572734
-5.4305148 -215.94603 -7.0663905
-5.4356833 -216.60504 -7.0835629
-5.4415922 -217.26363 -7.1015725
-5.4515424 -217.91966 -7.1102357
-5.4620891 -218.58717 -7.1171823
-5.4712682 -219.25934 -7.1291556
-5.4819946 -219.93857 -7.1420765
-5.4919147 -220.62042 -7.1530919
-5.5005717 -221.3017 -7.1719065
-5.5124445 -221.98978 -7.1826749
-5.5239844 -222.6792 -7.1943126
-5.5364823 -223.37178 -7.2029247
-5.5494766 -224.06018 -7.2074251
-5.5620708 -224.75513 -7.2071362
-5.572072 -225.44116 -7.2141204
-5.5838313 -226.12688 -7.2237973
-5.596539 -226.81232 -7.240694
-5.6081934 -227.50146 -7.2480168
-5.6170936 -228.18637 -7.256691
-5.6300778 -228.8649 -7.257946
-5.6417704 -229.5417 -7.2731981
-5.66081 -230.21439 -7.278852
-5.6830893 -230.89207 -7.2883496
-5.7075381 -231.56584 -7.2979059
-5.729187 -232.23497 -7.3056669
-5.7521477 -232.9064 -7.3168859
-5.779551 -233.56674 -7.3254318
-5.8086371 -234.22678 -7.3331628
-5.8396883 -234.88631 -7.3488646
-5.8738871 -235.54312 -7.3575864
-5.9110732 -236.19846 -7.3663712
-5.9480376 -236.85072 -7.3805199
-5.9912148 -237.50267 -7.3966923
-6.0374827 -238.15039 -7.4115834
-6.0855527 -238.80679 -7.4232111
-6.134243 -239.45354 -7.4208679
-6.1789527 -240.09734 -7.4211431
-6.2263317 -240.73598 -7.4268451
-6.2815876 -241.37677 -7.4225659
-6.3328972 -242.01451 -7.4368992
-6.3839874 -242.65953 -7.437851
-6.4336691 -243.29333 -7.4397454
-6.4849596 -243.93021 -7.4425325
-6.5395689 -244.56641 -7.4486957
-6.5938439 -245.19698 -7.4514828
-6.6490741 -245.82886 -7.4612975
-6.7019701 -246.4558 -7.4680042
-6.7572641 -247.07881 -7.4704299
-6.814805 -247.70036 -7.4801517
-6.8715181 -248.32233 -7.4897375
-6.9279346 -248.93481 -7.4968324
-6.9828272 -249.54669 -7.5028219
-7.0371552 -250.15352 -7.5101366
-7.0915127 -250.75818 -7.5230136
-7.1461625 -251.36858 -7.5379634
-7.1948652 -251.97705 -7.5475526
-7.2405643 -252.58618 -7.5583448
-7.2832284 -253.19159 -7.5717344
-7.3299294 -253.79401 -7.5895104
-7.3644495 -254.39919 -7.6079893
-7.4006438 -255.00388 -7.6241684
-7.4365282 -255.61282 -7.6447711
-7.4747105 -256.22473 -7.6483316
-7.4929352 -256.832 -7.6580257
-7.5141487 -257.43762 -7.6660147
-7.5357904 -258.04614 -7.6724715
-7.5672684 -258.65305 -7.6784368
-7.5817809 -259.26288 -7.6831808
-7.5976901 -259.87943 -7.6689796
-7.6097403 -260.4877 -7.6676359
-7.6283064 -261.10004 -7.6772981
-7.6402416 -261.71265 -7.7049313
-7.6459851 -262.33276 -7.7189913
-7.6436877 -262.95874 -7.7318058
-7.6412868 -263.57385 -7.737946
-7.6352544 -264.18918 -7.7465267
-7.628746 -264.80255 -7.7552109
-7.6156721 -265.41513 -7.7691774
-7.5982227 -266.02957 -7.7803559
-7.5797062 -266.64301 -7.7913861
-7.5596361 -267.2525 -7.8050408
-7.5359588 -267.86166 -7.8063846
-7.5169497 -268.46677 -7.812891
-7.4946952 -269.07266 -7.8160396
-7.469202 -269.6702 -7.8275886
-7.4409394 -270.27435 -7.8297391
-7.4212241 -270.86707 -7.8327765
-7.4044142 -271.45874 -7.8479242
-7.389194 -272.04456 -7.8580861
-7.3638368 -272.61511 -7.8738933
-7.3354535 -273.18607 -7.8699656
-7.3166261 -273.7417 -7.8783402
-7.2982121 -274.29187 -7.8851867
-7.286263 -274.82596 -7.8989491
-7.2713046 -275.3519 -7.9064484
-7.2573218 -275.87405 -7.9108672
-7.2363782 -276.38773 -7.9289827
-7.2252245 -276.9028 -7.943212
-7.2091556 -277.41687 -7.9666224
-7.1933026 -277.92792 -7.96839
-7.1762733 -278.42514 -7.9768591
-7.1599402 -278.91653 -7.9913535
-7.1450152 -279.38776 -8.0030718
-7.1262851 -279.85431 -8.0128775
-7.1070256 -280.30484 -8.0134621
-7.08357 -280.74878 -8.0185499
-7.071105 -281.17859 -8.034194
-7.0625916 -281.60532 -8.0582018
-7.0491042 -282.0239 -8.0666361
-7.0323424 -282.43576 -8.0759077
-7.0130768 -282.83456 -8.0738153
-6.9887943 -283.22574 -8.0884085
-6.9718208 -283.60587 -8.0874319
-6.9572845 -283.98471 -8.097517
-6.9485459 -284.34906 -8.1061792
-6.9323721 -284.70587 -8.1127262
-6.9249573 -285.04465 -8.1156445
-6.911262 -285.3652 -8.1339598
-6.8999143 -285.67426 -8.1332102
-6.8900976 -285.95981 -8.1350307
-6.8792043 -286.2337 -8.1400108
-6.8752007 -286.48654 -8.1549826
-6.8692298 -286.72415 -8.1546984
-6.8641353 -286.9404 -8.1614981
-6.8585763 -287.14658 -8.1565952
-6.8481231 -287.33667 -8.1370678
-6.8426933 -287.51755 -8.1531401
-6.8374228 -287.69934 -8.1834478
-6.8314533 -287.89252 -8.1982737
-6.826633 -288.08054 -8.1905403
-6.8234415 -288.26376 -8.1875763
-6.8217235 -288.44553 -8.1966105
-6.8219824 -288.62708 -8.208066
-6.8207827 -288.81308 -8.2146072
-6.8257756 -288.99731 -8.2184124
-6.8333559 -289.18353 -8.2262936
-6.8408585 -289.3689 -8.23351
-6.8484631 -289.55954 -8.2367487
-6.8546772 -289.7507 -8.2371616
-6.8672972 -289.94302 -8.2521648
-6.87991 -290.13629 -8.3128395
-6.900528 -290.33902 -8.318593
-6.9102578 -290.53268 -8.2778234
-6.9192057 -290.71933 -8.2706223
-6.9252291 -290.89529 -8.2883282
-6.9264688 -291.07852 -8.3175688
-6.9300385 -291.26318 -8.3204212
-6.9335117 -291.45151 -8.3185692
-6.9529262 -291.63861 -8.3146505
-6.9652991 -291.82571 -8.316783
-6.9788246 -292.01904 -8.3120203
-6.9976354 -292.21304 -8.3075409
-7.0104284 -292.41714 -8.2962627
-7.0282865 -292.62775 -8.2958288
-7.0406661 -292.84268 -8.2803059
-7.0625863 -293.06607 -8.251502
-7.0840864 -293.29523 -8.2444715
-7.1149769 -293.54315 -8.2682486
-7.1302104 -293.81473 -8.2835627
-7.1345911 -294.09677 -8.2866383
-7.1279812 -294.38339 -8.2769928
-7.139914 -294.67853 -8.2617579
-7.172833 -294.97913 -8.2561893
-7.2073083 -295.28906 -8.2713518
-7.2383842 -295.61005 -8.2821083
-7.250556 -295.94968 -8.286643
-7.260438 -296.30148 -8.2897596
-7.2718549 -296.66266 -8.2834873
-7.2824402 -297.03476 -8.2627621
-7.3059144 -297.41971 -8.2647371
-7.3341408 -297.81635 -8.2966595
-7.3655281 -298.23569 -8.3297625
-7.3898253 -298.66611 -8.3287973
-7.4071646 -299.09988 -8.3139343
-7.4253592 -299.53659 -8.3134975
-7.4461112 -299.98297 -8.3196812
-7.4620333 -300.43777 -8.330575
-7.4784751 -300.91116 -8.3227243
-7.4963131 -301.39371 -8.3174047
-7.5137124 -301.89655 -8.3233862
-7.532722 -302.40631 -8.3339424
-7.5487309 -302.93756 -8.3338337
-7.5639186 -303.47757 -8.3317795
-7.5817776 -304.02899 -8.3305292
-7.5995512 -304.59659 -8.3411932
-7.6118755 -305.17932 -8.3572464
-7.6177721 -305.77371 -8.3590012
-7.6301265 -306.37726 -8.3539867
-7.6462889 -306.98969 -8.3575459
-7.6563916 -307.60956 -8.3546734
-7.6582284 -308.2363 -8.3533649
-7.6642761 -308.8811 -8.3582544
-7.6709032 -309.52756 -8.3742828
-7.6869993 -310.18848 -8.3837671
-7.6989765 -310.84857 -8.3842335
-7.6996064 -311.51428 -8.3910818
-7.7036791 -312.18918 -8.3959942
-7.7113209 -312.87271 -8.4097414
-7.7182946 -313.57605 -8.4249706
-7.7256622 -314.28534 -8.4236937
-7.7246404 -314.99002 -8.4034348
-7.7232342 -315.70059 -8.3882656
-7.730813 -316.41498 -8.3874941
-7.7375159 -317.14343 -8.428997
-7.7448368 -317.88739 -8.446476
-7.7428107 -318.62631 -8.4551773
-7.7436786 -319.37378 -8.4620752
-7.7360158 -320.1203 -8.4574032
-7.7383032 -320.86783 -8.4495049
-7.7366838 -321.62045 -8.4611158
-7.7366567 -322.37805 -8.4775629
-7.7342076 -323.13965 -8.4899035
-7.7342587 -323.91251 -8.5012674
-7.7264462 -324.68707 -8.5031366
-7.7233009 -325.46521 -8.5084505
-7.716332 -326.24594 -8.5165033
-7.711422 -327.03357 -8.5181704
-7.7051625 -327.82108 -8.525279
-7.6975331 -328.61401 -8.5226297
-7.6906896 -329.41748 -8.5251989
-7.6881003 -330.21619 -8.5295715
-7.6840839 -331.02597 -8.5320683
-7.6836953 -331.83572 -8.531352
-7.6837115 -332.64755 -8.529438
-7.6835089 -333.46887 -8.5340557
-7.6818953 -334.27979 -8.536994
-7.682642 -335.10852 -8.5476189
-7.6808081 -335.93121 -8.5529127
-7.6748714 -336.76157 -8.5420265
-7.6704755 -337.59357 -8.5221186
-7.6637712 -338.42206 -8.5225449
-7.6594772 -339.25418 -8.5280743
-7.655283 -340.08707 -8.5318975
-7.6565104 -340.91553 -8.5210104
-7.6561985 -341.74588 -8.5140114
-7.655746 -342.56018 -8.5226851
-7.661375 -343.38559 -8.5450649
-7.6613364 -344.21478 -8.5613194
-7.6637287 -345.02951 -8.5812016
-7.6662645 -345.84427 -8.5892668
-7.6642227 -346.6485 -8.6041307
-7.6658816 -347.45602 -8.6172733
-7.6638055 -348.25159 -8.6287527
-7.6667323 -349.04208 -8.6469536
-7.6689811 -349.82736 -8.6517258
-7.6644001 -350.59802 -8.6595316
-7.6702991 -351.36588 -8.6582432
-7.6748638 -352.12631 -8.6619997
-7.6738524 -352.87811 -8.6775999
-7.6784492 -353.63629 -8.6680784
-7.6806774 -354.39188 -8.6650724
-7.6849861 -355.13522 -8.6677866
-7.6945662 -355.86768 -8.6692915
-7.6997118 -356.59866 -8.6708937
-7.706665 -357.319 -8.6769676
-7.7140183 -358.03775 -8.67838
-7.7219052 -358.74768 -8.6784401
-7.7298012 -359.44534 -8.6891146
-7.7329097 -360.14914 -8.6936007
-7.7377195 -360.85425 -8.689847
-7.7427092 -361.53964 -8.6925344
-7.7511587 -362.20789 -8.6883745
-7.7637544 -362.88263 -8.6982937
-7.7784486 -363.5462 -8.7112932
-7.788413 -364.20581 -8.7221375
-7.7982874 -364.86069 -8.7377501
-7.8060079 -365.50027 -8.7322969
-7.8170285 -366.13318 -8.7375431
-7.8262877 -366.7626 -8.7373428
-7.846776 -367.36636 -8.7469501
-7.8583403 -367.97003 -8.7531338
-7.8704038 -368.56668 -8.7518196
-7.8802018 -369.14456 -8.7441435
-7.8953185 -369.70966 -8.7343082
-7.9151945 -370.25906 -8.7310562
-7.9316134 -370.79041 -8.7347498
-7.9436316 -371.31018 -8.7443132
-7.957314 -371.80856 -8.7423067
-7.9702473 -372.29575 -8.7500563
-7.9851842 -372.76987 -8.7580643
-7.9993086 -373.22073 -8.7596083
-8.006094 -373.65219 -8.7588243
-8.0172653 -374.06412 -8.756916
-8.0258274 -374.45529 -8.7578783
-8.0407 -374.82324 -8.7583075
-8.0471306 -375.17087 -8.7606583
-8.0565033 -375.50143 -8.7601538
-8.0655336 -375.81186 -8.7629147
-8.0686769 -376.10944 -8.7600412
-8.0721073 -376.38925 -8.7586899
-8.0782433 -376.65256 -8.7588024
-8.086585 -376.89642 -8.7599411
-8.0932198 -377.1174 -8.7633438
-8.1005621 -377.32562 -8.7657518
-8.1033411 -377.51547 -8.7645502
-8.1058941 -377.68826 -8.7629147
-8.1085758 -377.84326 -8.7608023
-8.1102962 -377.98431 -8.7573214
-8.1146135 -378.10498 -8.756402
-8.1204481 -378.21146 -8.7570267
-8.1237774 -378.30182 -8.7560883
-8.1260128 -378.37207 -8.7556429
-8.1258059 -378.4285 -8.7556496
-8.1262817 -378.46689 -8.7553701
-8.1264381 -378.49121 -8.7547731
-8.1282091 -378.50211 -8.7541666
-8.1279821 -378.50421 -8.75177
-8.1262255 -378.50421 -8.7492018
-8.1278057 -378.50681 -8.7505035
-8.1276903 -378.51526 -8.7514582
-8.1278601 -378.52734 -8.7529345
-8.1286726 -378.54715 -8.7530375
-8.1289749 -378.57227 -8.7530174
-8.1304932 -378.60391 -8.7533445
-8.1304235 -378.64099 -8.7525654
-8.1323195 -378.68735 -8.751524
-8.1334486 -378.74112 -8.751482
-8.1350098 -378.80447 -8.7515306
-8.1382294 -378.88269 -8.7510433
-8.1412725 -378.97089 -8.7533998
-8.1438456 -379.07214 -8.75037
-8.146512 -379.18866 -8.7481852
-8.1486635 -379.31631 -8.7486286
-8.1537352 -379.45938 -8.7534113
-8.1601763 -379.61636 -8.7547054
-8.16327 -379.79196 -8.7551155
-8.1625214 -379.97583 -8.7557535
-8.1639738 -380.17416 -8.7552004
-8.1641045 -380.39011 -8.7549191
-8.1615353 -380.61966 -8.7518959
-8.1621141 -380.86389 -8.7495804
-8.1609449 -381.12048 -8.7466021
-8.1576891 -381.39163 -8.7456579
-8.154336 -381.67468 -8.7453346
-8.1443577 -381.97559 -8.7471094
-8.1344509 -382.2915 -8.7503014
-8.1293564 -382.61792 -8.7603865
-8.1234503 -382.96417 -8.7631779
-8.1125488 -383.32065 -8.7616253
-8.099617 -383.69122 -8.7625198
-8.0880375 -384.07306 -8.7765188
-8.0716667 -384.47412 -8.7870407
-8.0500021 -384.8779 -8.7864208
-8.0304365 -385.29391 -8.7958965
-8.0083456 -385.71643 -8.7909498
-7.9983139 -386.14352 -8.7739668
-7.9983716 -386.57669 -8.7728968
-7.9955583 -387.01862 -8.7843275
-7.9867425 -387.47324 -8.803587
-7.9576602 -387.9451 -8.7914534
-7.9224968 -388.42261 -8.7719584
-7.899641 -388.91928 -8.7915354
-7.900105 -389.43787 -8.8296862
-7.9072051 -389.9826 -8.8443365
-7.9070759 -390.52554 -8.8358164
-7.8828864 -391.08313 -8.82265
-7.8539743 -391.64078 -8.8043804
-7.8212838 -392.21634 -8.7864342
-7.8067455 -392.80252 -8.7877264
-7.798048 -393.40588 -8.7899799
-7.783082 -394.01212 -8.7788534
-7.7532763 -394.63733 -8.7753525
-7.7263651 -395.26657 -8.769227
-7.6934986 -395.91171 -8.7601213
-7.6670489 -396.56842 -8.7542772
-7.6424055 -397.23502 -8.7535334
-7.6217895 -397.88916 -8.7396107
-7.592185 -398.56644 -8.7343636
-7.5604768 -399.24951 -8.7405682
-7.5348039 -399.93973 -8.7363005
-7.5039477 -400.63614 -8.7375469
-7.4767375 -401.33597 -8.7270365
-7.446393 -402.04706 -8.7232065
-7.418633 -402.77197 -8.7415667
-7.391582 -403.50732 -8.7508612
-7.3615661 -404.24677 -8.7402382
-7.3325872 -404.98758 -8.7309895
-7.2982545 -405.72385 -8.71451
-7.2703996 -406.46539 -8.7055426
-7.2414412 -407.21088 -8.706624
-7.2084394 -407.95465 -8.7127218
-7.1730318 -408.70303 -8.7083321
-7.1349139 -409.44672 -8.6971712
-7.0989013 -410.19766 -8.6909256
-7.0580969 -410.94934 -8.6852989
-7.0208545 -411.69623 -8.6842537
-6.9820361 -412.44284 -8.6811371
-6.9391193 -413.18338 -8.6714354
-6.8987956 -413.91544 -8.6677504
-6.856626 -414.64423 -8.6593485
-6.8147426 -415.37259 -8.6547709
-6.7756853 -416.10065 -8.6476917
-6.7335587 -416.81326 -8.6428556
-6.6939578 -417.52139 -8.6351175
-6.6542921 -418.21848 -8.6307163
-6.6154385 -418.89374 -8.6282272
-6.5739355 -419.56546 -8.6158304
-6.5325675 -420.23117 -8.6033869
-6.497447 -420.87738 -8.5978756
-6.4678593 -421.51077 -8.5937443
-6.4385147 -422.13504 -8.5973864
-6.4157295 -422.75464 -8.5914192
-6.3996162 -423.35416 -8.5893583
-6.3880496 -423.94098 -8.5814438
-6.3771286 -424.52286 -8.5782413
-6.3705626 -425.08688 -8.5767031
-6.3599663 -425.64191 -8.5745211
-6.3449626 -426.19321 -8.5698862
-6.3333063 -426.72253 -8.5626431
-6.3178821 -427.24078 -8.5592299
-6.3094349 -427.74664 -8.5566683
-6.3014865 -428.23318 -8.5509672
-6.2941694 -428.71326 -8.5436535
-6.2834907 -429.17889 -8.540288
-6.27707 -429.62512 -8.5391636
-6.2759452 -430.05264 -8.535326
-6.27321 -430.46967 -8.5317516
-6.2701817 -430.87207 -8.5309267
-6.2645679 -431.24835 -8.5251322
-6.257957 -431.61542 -8.5158815
-6.2537355 -431.96622 -8.5131378
-6.2536235 -432.31155 -8.5169077
-6.2566996 -432.63974 -8.5185966
-6.2603774 -432.96692 -8.5155954
-6.2673192 -433.28281 -8.509326
-6.2743936 -433.58505 -8.5083504
-6.2769523 -433.87619 -8.5081367
-6.2752194 -434.16199 -8.5073462
-6.2760224 -434.4364 -8.508934
-6.2764578 -434.70224 -8.5043325
-6.2778111 -434.95291 -8.5043783
-6.2800732 -435.19254 -8.5010128
-6.2843504 -435.4209 -8.4984932
-6.2852955 -435.63501 -8.4976673
-6.2895684 -435.83777 -8.4993982
-6.29105 -436.03055 -8.4969311
-6.2931256 -436.20895 -8.4980469
-6.2949467 -436.38028 -8.5000982
-6.2969255 -436.53464 -8.4967394
-6.2992611 -436.68149 -8.4961605
-6.2975655 -436.81552 -8.4932013
-6.295486 -436.93747 -8.4901314
-6.2947803 -437.04556 -8.4863415
-6.2957096 -437.14496 -8.4863634
-6.296566 -437.23047 -8.4833803
-6.2954297 -437.29968 -8.4812174
-6.2990746 -437.3627 -8.4772739
-6.3038149 -437.43268 -8.4800892
-6.3053436 -437.50427 -8.4828224
-6.3062215 -437.57874 -8.4839344
-6.3086495 -437.65659 -8.4826689
-6.3115125 -437.73785 -8.4838066
-6.3126073 -437.81668 -8.4805603
-6.3183637 -437.89069 -8.4807568
-6.3275833 -437.95813 -8.4852219
-6.3343935 -438.0303 -8.4908142
-6.3339467 -438.09546 -8.4890184
-6.3316078 -438.15601 -8.4858627
-6.3294263 -438.20987 -8.4845533
-6.3313031 -438.26166 -8.4853048
-6.3324227 -438.30856 -8.4845161
-6.3319983 -438.34601 -8.485261
-6.3333569 -438.37961 -8.4840183
-6.3348193 -438.41092 -8.484416
-6.3345785 -438.43256 -8.4845638
-6.3334937 -438.45221 -8.4847383
-6.3346395 -438.46405 -8.4846277
-6.3345718 -438.47174 -8.4847546
-6.3351564 -438.4718 -8.4841576
-6.3351526 -438.46985 -8.4827156
-6.3352885 -438.46729 -8.4846945
-6.3356338 -438.46848 -8.486825
-6.3352151 -438.46753 -8.4844398
-6.3354673 -438.46732 -8.4849215
-6.335835 -438.46954 -8.4856672
-6.3361297 -438.46564 -8.4848928
-6.335474 -438.4668 -8.4848909
-6.3356881 -438.46848 -8.4858789
-6.3352485 -438.46719 -8.4851103
-6.3366537 -438.46671 -8.4851036
-6.3363438 -438.46716 -8.4853745
-6.3366523 -438.46793 -8.4856663
-6.3361921 -438.46692 -8.4850731
-6.3377128 -438.46594 -8.486268
-6.3366818 -438.46658 -8.4853735
-6.3371086 -438.46561 -8.4849644
-6.3364201 -438.46783 -8.4855013
-6.3366089 -438.46625 -8.4858608
-6.3370066 -438.46722 -8.485816
-6.3379784 -438.46637 -8.486104
-6.3366938 -438.46683 -8.4852266
-6.3368669 -438.46796 -8.4858093
-6.3366065 -438.46664 -8.4877348
-6.3371344 -438.46823 -8.4863024
-6.3369937 -438.46841 -8.4863262
